         -6.28318531          1.73205081          3.14159265          1.41421356
         -6.27318531          1.73204600          3.15159265          1.41423124
         -6.26318531          1.73203156          3.16159265          1.41428425
         -6.25318531          1.73200751          3.17159265          1.41437257
         -6.24318531          1.73197383          3.18159265          1.41449611
         -6.23318531          1.73193053          3.19159265          1.41465479
         -6.22318531          1.73187761          3.20159265          1.41484848
         -6.21318531          1.73181507          3.21159265          1.41507704
         -6.20318531          1.73174291          3.22159265          1.41534029
         -6.19318531          1.73166114          3.23159265          1.41563803
         -6.18318531          1.73156975          3.24159265          1.41597003
         -6.17318531          1.73146874          3.25159265          1.41633605
         -6.16318531          1.73135813          3.26159265          1.41673582
         -6.15318531          1.73123790          3.27159265          1.41716904
         -6.14318531          1.73110806          3.28159265          1.41763539
         -6.13318531          1.73096861          3.29159265          1.41813455
         -6.12318531          1.73081957          3.30159265          1.41866614
         -6.11318531          1.73066091          3.31159265          1.41922980
         -6.10318531          1.73049266          3.32159265          1.41982513
         -6.09318531          1.73031482          3.33159265          1.42045171
         -6.08318531          1.73012738          3.34159265          1.42110914
         -6.07318531          1.72993035          3.35159265          1.42179695
         -6.06318531          1.72972373          3.36159265          1.42251469
         -6.05318531          1.72950753          3.37159265          1.42326190
         -6.04318531          1.72928175          3.38159265          1.42403809
         -6.03318531          1.72904639          3.39159265          1.42484277
         -6.02318531          1.72880147          3.40159265          1.42567545
         -6.01318531          1.72854697          3.41159265          1.42653561
         -6.00318531          1.72828291          3.42159265          1.42742273
         -5.99318531          1.72800929          3.43159265          1.42833628
         -5.98318531          1.72772612          3.44159265          1.42927575
         -5.97318531          1.72743340          3.45159265          1.43024059
         -5.96318531          1.72713113          3.46159265          1.43123027
         -5.95318531          1.72681932          3.47159265          1.43224424
         -5.94318531          1.72649798          3.48159265          1.43328195
         -5.93318531          1.72616711          3.49159265          1.43434287
         -5.92318531          1.72582672          3.50159265          1.43542645
         -5.91318531          1.72547681          3.51159265          1.43653213
         -5.90318531          1.72511739          3.52159265          1.43765938
         -5.89318531          1.72474847          3.53159265          1.43880765
         -5.88318531          1.72437005          3.54159265          1.43997640
         -5.87318531          1.72398214          3.55159265          1.44116509
         -5.86318531          1.72358474          3.56159265          1.44237318
         -5.85318531          1.72317786          3.57159265          1.44360014
         -5.84318531          1.72276152          3.58159265          1.44484545
         -5.83318531          1.72233571          3.59159265          1.44610857
         -5.82318531          1.72190044          3.60159265          1.44738898
         -5.81318531          1.72145573          3.61159265          1.44868619
         -5.80318531          1.72100157          3.62159265          1.44999966
         -5.79318531          1.72053798          3.63159265          1.45132892
         -5.78318531          1.72006497          3.64159265          1.45267345
         -5.77318531          1.71958255          3.65159265          1.45403276
         -5.76318531          1.71909072          3.66159265          1.45540639
         -5.75318531          1.71858948          3.67159265          1.45679384
         -5.74318531          1.71807886          3.68159265          1.45819465
         -5.73318531          1.71755887          3.69159265          1.45960836
         -5.72318531          1.71702950          3.70159265          1.46103451
         -5.71318531          1.71649076          3.71159265          1.46247266
         -5.70318531          1.71594268          3.72159265          1.46392237
         -5.69318531          1.71538526          3.73159265          1.46538320
         -5.68318531          1.71481851          3.74159265          1.46685473
         -5.67318531          1.71424244          3.75159265          1.46833654
         -5.66318531          1.71365705          3.76159265          1.46982822
         -5.65318531          1.71306237          3.77159265          1.47132937
         -5.64318531          1.71245841          3.78159265          1.47283960
         -5.63318531          1.71184516          3.79159265          1.47435852
         -5.62318531          1.71122265          3.80159265          1.47588574
         -5.61318531          1.71059089          3.81159265          1.47742091
         -5.60318531          1.70994989          3.82159265          1.47896364
         -5.59318531          1.70929966          3.83159265          1.48051359
         -5.58318531          1.70864021          3.84159265          1.48207041
         -5.57318531          1.70797156          3.85159265          1.48363375
         -5.56318531          1.70729372          3.86159265          1.48520328
         -5.55318531          1.70660670          3.87159265          1.48677867
         -5.54318531          1.70591052          3.88159265          1.48835959
         -5.53318531          1.70520518          3.89159265          1.48994573
         -5.52318531          1.70449071          3.90159265          1.49153679
         -5.51318531          1.70376712          3.91159265          1.49313246
         -5.50318531          1.70303442          3.92159265          1.49473244
         -5.49318531          1.70229262          3.93159265          1.49633646
         -5.48318531          1.70154175          3.94159265          1.49794421
         -5.47318531          1.70078181          3.95159265          1.49955544
         -5.46318531          1.70001282          3.96159265          1.50116987
         -5.45318531          1.69923480          3.97159265          1.50278723
         -5.44318531          1.69844777          3.98159265          1.50440727
         -5.43318531          1.69765173          3.99159265          1.50602973
         -5.42318531          1.69684671          4.00159265          1.50765437
         -5.41318531          1.69603272          4.01159265          1.50928094
         -5.40318531          1.69520978          4.02159265          1.51090921
         -5.39318531          1.69437791          4.03159265          1.51253895
         -5.38318531          1.69353712          4.04159265          1.51416992
         -5.37318531          1.69268743          4.05159265          1.51580192
         -5.36318531          1.69182886          4.06159265          1.51743473
         -5.35318531          1.69096143          4.07159265          1.51906812
         -5.34318531          1.69008516          4.08159265          1.52070191
         -5.33318531          1.68920007          4.09159265          1.52233588
         -5.32318531          1.68830617          4.10159265          1.52396983
         -5.31318531          1.68740348          4.11159265          1.52560358
         -5.30318531          1.68649204          4.12159265          1.52723694
         -5.29318531          1.68557184          4.13159265          1.52886972
         -5.28318531          1.68464293          4.14159265          1.53050174
         -5.27318531          1.68370531          4.15159265          1.53213282
         -5.26318531          1.68275901          4.16159265          1.53376280
         -5.25318531          1.68180404          4.17159265          1.53539150
         -5.24318531          1.68084045          4.18159265          1.53701876
         -5.23318531          1.67986823          4.19159265          1.53864441
         -5.22318531          1.67888743          4.20159265          1.54026831
         -5.21318531          1.67789805          4.21159265          1.54189028
         -5.20318531          1.67690013          4.22159265          1.54351020
         -5.19318531          1.67589368          4.23159265          1.54512790
         -5.18318531          1.67487874          4.24159265          1.54674323
         -5.17318531          1.67385533          4.25159265          1.54835607
         -5.16318531          1.67282346          4.26159265          1.54996627
         -5.15318531          1.67178318          4.27159265          1.55157370
         -5.14318531          1.67073449          4.28159265          1.55317822
         -5.13318531          1.66967744          4.29159265          1.55477971
         -5.12318531          1.66861204          4.30159265          1.55637803
         -5.11318531          1.66753833          4.31159265          1.55797306
         -5.10318531          1.66645632          4.32159265          1.55956469
         -5.09318531          1.66536606          4.33159265          1.56115279
         -5.08318531          1.66426756          4.34159265          1.56273724
         -5.07318531          1.66316085          4.35159265          1.56431793
         -5.06318531          1.66204598          4.36159265          1.56589476
         -5.05318531          1.66092295          4.37159265          1.56746760
         -5.04318531          1.65979182          4.38159265          1.56903636
         -5.03318531          1.65865260          4.39159265          1.57060093
         -5.02318531          1.65750532          4.40159265          1.57216120
         -5.01318531          1.65635003          4.41159265          1.57371708
         -5.00318531          1.65518675          4.42159265          1.57526846
         -4.99318531          1.65401551          4.43159265          1.57681526
         -4.98318531          1.65283636          4.44159265          1.57835736
         -4.97318531          1.65164931          4.45159265          1.57989470
         -4.96318531          1.65045442          4.46159265          1.58142716
         -4.95318531          1.64925170          4.47159265          1.58295466
         -4.94318531          1.64804120          4.48159265          1.58447712
         -4.93318531          1.64682296          4.49159265          1.58599445
         -4.92318531          1.64559701          4.50159265          1.58750657
         -4.91318531          1.64436339          4.51159265          1.58901339
         -4.90318531          1.64312213          4.52159265          1.59051483
         -4.89318531          1.64187328          4.53159265          1.59201082
         -4.88318531          1.64061688          4.54159265          1.59350127
         -4.87318531          1.63935296          4.55159265          1.59498611
         -4.86318531          1.63808157          4.56159265          1.59646527
         -4.85318531          1.63680275          4.57159265          1.59793867
         -4.84318531          1.63551654          4.58159265          1.59940624
         -4.83318531          1.63422298          4.59159265          1.60086791
         -4.82318531          1.63292212          4.60159265          1.60232362
         -4.81318531          1.63161400          4.61159265          1.60377328
         -4.80318531          1.63029867          4.62159265          1.60521685
         -4.79318531          1.62897617          4.63159265          1.60665424
         -4.78318531          1.62764656          4.64159265          1.60808541
         -4.77318531          1.62630987          4.65159265          1.60951027
         -4.76318531          1.62496616          4.66159265          1.61092879
         -4.75318531          1.62361547          4.67159265          1.61234088
         -4.74318531          1.62225786          4.68159265          1.61374650
         -4.73318531          1.62089338          4.69159265          1.61514558
         -4.72318531          1.61952208          4.70159265          1.61653808
         -4.71318531          1.61814402          4.71159265          1.61792392
         -4.70318531          1.61675924          4.72159265          1.61930306
         -4.69318531          1.61536780          4.73159265          1.62067544
         -4.68318531          1.61396976          4.74159265          1.62204101
         -4.67318531          1.61256518          4.75159265          1.62339971
         -4.66318531          1.61115412          4.76159265          1.62475150
         -4.65318531          1.60973662          4.77159265          1.62609633
         -4.64318531          1.60831276          4.78159265          1.62743414
         -4.63318531          1.60688260          4.79159265          1.62876489
         -4.62318531          1.60544619          4.80159265          1.63008852
         -4.61318531          1.60400360          4.81159265          1.63140500
         -4.60318531          1.60255490          4.82159265          1.63271427
         -4.59318531          1.60110016          4.83159265          1.63401628
         -4.58318531          1.59963943          4.84159265          1.63531101
         -4.57318531          1.59817279          4.85159265          1.63659839
         -4.56318531          1.59670032          4.86159265          1.63787839
         -4.55318531          1.59522207          4.87159265          1.63915097
         -4.54318531          1.59373813          4.88159265          1.64041608
         -4.53318531          1.59224857          4.89159265          1.64167369
         -4.52318531          1.59075346          4.90159265          1.64292374
         -4.51318531          1.58925288          4.91159265          1.64416621
         -4.50318531          1.58774691          4.92159265          1.64540105
         -4.49318531          1.58623563          4.93159265          1.64662822
         -4.48318531          1.58471913          4.94159265          1.64784770
         -4.47318531          1.58319748          4.95159265          1.64905943
         -4.46318531          1.58167077          4.96159265          1.65026339
         -4.45318531          1.58013909          4.97159265          1.65145953
         -4.44318531          1.57860253          4.98159265          1.65264783
         -4.43318531          1.57706118          4.99159265          1.65382825
         -4.42318531          1.57551512          5.00159265          1.65500074
         -4.41318531          1.57396446          5.01159265          1.65616529
         -4.40318531          1.57240930          5.02159265          1.65732186
         -4.39318531          1.57084972          5.03159265          1.65847041
         -4.38318531          1.56928583          5.04159265          1.65961092
         -4.37318531          1.56771773          5.05159265          1.66074335
         -4.36318531          1.56614553          5.06159265          1.66186766
         -4.35318531          1.56456933          5.07159265          1.66298384
         -4.34318531          1.56298924          5.08159265          1.66409185
         -4.33318531          1.56140538          5.09159265          1.66519165
         -4.32318531          1.55981786          5.10159265          1.66628323
         -4.31318531          1.55822678          5.11159265          1.66736655
         -4.30318531          1.55663229          5.12159265          1.66844159
         -4.29318531          1.55503448          5.13159265          1.66950832
         -4.28318531          1.55343349          5.14159265          1.67056670
         -4.27318531          1.55182944          5.15159265          1.67161672
         -4.26318531          1.55022247          5.16159265          1.67265835
         -4.25318531          1.54861270          5.17159265          1.67369155
         -4.24318531          1.54700028          5.18159265          1.67471631
         -4.23318531          1.54538532          5.19159265          1.67573261
         -4.22318531          1.54376799          5.20159265          1.67674041
         -4.21318531          1.54214842          5.21159265          1.67773969
         -4.20318531          1.54052676          5.22159265          1.67873043
         -4.19318531          1.53890316          5.23159265          1.67971260
         -4.18318531          1.53727778          5.24159265          1.68068618
         -4.17318531          1.53565077          5.25159265          1.68165115
         -4.16318531          1.53402228          5.26159265          1.68260749
         -4.15318531          1.53239250          5.27159265          1.68355517
         -4.14318531          1.53076158          5.28159265          1.68449418
         -4.13318531          1.52912970          5.29159265          1.68542448
         -4.12318531          1.52749703          5.30159265          1.68634607
         -4.11318531          1.52586375          5.31159265          1.68725891
         -4.10318531          1.52423005          5.32159265          1.68816299
         -4.09318531          1.52259611          5.33159265          1.68905829
         -4.08318531          1.52096213          5.34159265          1.68994479
         -4.07318531          1.51932831          5.35159265          1.69082247
         -4.06318531          1.51769484          5.36159265          1.69169130
         -4.05318531          1.51606192          5.37159265          1.69255128
         -4.04318531          1.51442978          5.38159265          1.69340239
         -4.03318531          1.51279863          5.39159265          1.69424459
         -4.02318531          1.51116868          5.40159265          1.69507789
         -4.01318531          1.50954016          5.41159265          1.69590225
         -4.00318531          1.50791330          5.42159265          1.69671767
         -3.99318531          1.50628834          5.43159265          1.69752412
         -3.98318531          1.50466551          5.44159265          1.69832159
         -3.97318531          1.50304507          5.45159265          1.69911006
         -3.96318531          1.50142727          5.46159265          1.69988952
         -3.95318531          1.49981236          5.47159265          1.70065994
         -3.94318531          1.49820060          5.48159265          1.70142132
         -3.93318531          1.49659227          5.49159265          1.70217364
         -3.92318531          1.49498764          5.50159265          1.70291688
         -3.91318531          1.49338700          5.51159265          1.70365103
         -3.90318531          1.49179062          5.52159265          1.70437608
         -3.89318531          1.49019881          5.53159265          1.70509200
         -3.88318531          1.48861186          5.54159265          1.70579879
         -3.87318531          1.48703009          5.55159265          1.70649643
         -3.86318531          1.48545380          5.56159265          1.70718491
         -3.85318531          1.48388332          5.57159265          1.70786422
         -3.84318531          1.48231897          5.58159265          1.70853433
         -3.83318531          1.48076109          5.59159265          1.70919525
         -3.82318531          1.47921002          5.60159265          1.70984695
         -3.81318531          1.47766611          5.61159265          1.71048942
         -3.80318531          1.47612972          5.62159265          1.71112265
         -3.79318531          1.47460120          5.63159265          1.71174664
         -3.78318531          1.47308094          5.64159265          1.71236136
         -3.77318531          1.47156930          5.65159265          1.71296680
         -3.76318531          1.47006668          5.66159265          1.71356296
         -3.75318531          1.46857346          5.67159265          1.71414983
         -3.74318531          1.46709005          5.68159265          1.71472738
         -3.73318531          1.46561685          5.69159265          1.71529562
         -3.72318531          1.46415429          5.70159265          1.71585453
         -3.71318531          1.46270279          5.71159265          1.71640410
         -3.70318531          1.46126277          5.72159265          1.71694432
         -3.69318531          1.45983467          5.73159265          1.71747518
         -3.68318531          1.45841895          5.74159265          1.71799667
         -3.67318531          1.45701606          5.75159265          1.71850879
         -3.66318531          1.45562645          5.76159265          1.71901152
         -3.65318531          1.45425059          5.77159265          1.71950485
         -3.64318531          1.45288896          5.78159265          1.71998877
         -3.63318531          1.45154204          5.79159265          1.72046328
         -3.62318531          1.45021033          5.80159265          1.72092837
         -3.61318531          1.44889430          5.81159265          1.72138403
         -3.60318531          1.44759447          5.82159265          1.72183024
         -3.59318531          1.44631135          5.83159265          1.72226702
         -3.58318531          1.44504544          5.84159265          1.72269433
         -3.57318531          1.44379726          5.85159265          1.72311219
         -3.56318531          1.44256735          5.86159265          1.72352057
         -3.55318531          1.44135621          5.87159265          1.72391948
         -3.54318531          1.44016440          5.88159265          1.72430890
         -3.53318531          1.43899244          5.89159265          1.72468884
         -3.52318531          1.43784087          5.90159265          1.72505927
         -3.51318531          1.43671024          5.91159265          1.72542021
         -3.50318531          1.43560108          5.92159265          1.72577163
         -3.49318531          1.43451394          5.93159265          1.72611354
         -3.48318531          1.43344938          5.94159265          1.72644592
         -3.47318531          1.43240793          5.95159265          1.72676878
         -3.46318531          1.43139014          5.96159265          1.72708211
         -3.45318531          1.43039656          5.97159265          1.72738589
         -3.44318531          1.42942773          5.98159265          1.72768014
         -3.43318531          1.42848419          5.99159265          1.72796483
         -3.42318531          1.42756647          6.00159265          1.72823997
         -3.41318531          1.42667510          6.01159265          1.72850555
         -3.40318531          1.42581062          6.02159265          1.72876157
         -3.39318531          1.42497353          6.03159265          1.72900803
         -3.38318531          1.42416435          6.04159265          1.72924491
         -3.37318531          1.42338359          6.05159265          1.72947221
         -3.36318531          1.42263173          6.06159265          1.72968994
         -3.35318531          1.42190926          6.07159265          1.72989808
         -3.34318531          1.42121666          6.08159265          1.73009664
         -3.33318531          1.42055437          6.09159265          1.73028561
         -3.32318531          1.41992284          6.10159265          1.73046498
         -3.31318531          1.41932250          6.11159265          1.73063476
         -3.30318531          1.41875377          6.12159265          1.73079494
         -3.29318531          1.41821705          6.13159265          1.73094552
         -3.28318531          1.41771270          6.14159265          1.73108649
         -3.27318531          1.41724110          6.15159265          1.73121786
         -3.26318531          1.41680258          6.16159265          1.73133962
         -3.25318531          1.41639747          6.17159265          1.73145177
         -3.24318531          1.41602605          6.18159265          1.73155431
         -3.23318531          1.41568861          6.19159265          1.73164723
         -3.22318531          1.41538540          6.20159265          1.73173053
         -3.21318531          1.41511665          6.21159265          1.73180422
         -3.20318531          1.41488256          6.22159265          1.73186829
         -3.19318531          1.41468330          6.23159265          1.73192275
         -3.18318531          1.41451904          6.24159265          1.73196758
         -3.17318531          1.41438989          6.25159265          1.73200279
         -3.16318531          1.41429596          6.26159265          1.73202838
         -3.15318531          1.41423732          6.27159265          1.73204434
         -3.14318531          1.41421401          6.28159265          1.73205069
