         -3.14159265          1.00000000
         -3.13159265          0.99997500
         -3.12159265          0.99990002
         -3.11159265          0.99977509
         -3.10159265          0.99960029
         -3.09159265          0.99937571
         -3.08159265          0.99910148
         -3.07159265          0.99877774
         -3.06159265          0.99840466
         -3.05159265          0.99798246
         -3.04159265          0.99751134
         -3.03159265          0.99699157
         -3.02159265          0.99642341
         -3.01159265          0.99580717
         -3.00159265          0.99514315
         -2.99159265          0.99443170
         -2.98159265          0.99367318
         -2.97159265          0.99286796
         -2.96159265          0.99201644
         -2.95159265          0.99111903
         -2.94159265          0.99017616
         -2.93159265          0.98918828
         -2.92159265          0.98815584
         -2.91159265          0.98707931
         -2.90159265          0.98595919
         -2.89159265          0.98479595
         -2.88159265          0.98359011
         -2.87159265          0.98234218
         -2.86159265          0.98105268
         -2.85159265          0.97972213
         -2.84159265          0.97835108
         -2.83159265          0.97694004
         -2.82159265          0.97548958
         -2.81159265          0.97400023
         -2.80159265          0.97247254
         -2.79159265          0.97090706
         -2.78159265          0.96930435
         -2.77159265          0.96766494
         -2.76159265          0.96598939
         -2.75159265          0.96427824
         -2.74159265          0.96253205
         -2.73159265          0.96075136
         -2.72159265          0.95893670
         -2.71159265          0.95708862
         -2.70159265          0.95520764
         -2.69159265          0.95329430
         -2.68159265          0.95134911
         -2.67159265          0.94937260
         -2.66159265          0.94736528
         -2.65159265          0.94532766
         -2.64159265          0.94326023
         -2.63159265          0.94116349
         -2.62159265          0.93903794
         -2.61159265          0.93688405
         -2.60159265          0.93470229
         -2.59159265          0.93249313
         -2.58159265          0.93025704
         -2.57159265          0.92799446
         -2.56159265          0.92570584
         -2.55159265          0.92339162
         -2.54159265          0.92105223
         -2.53159265          0.91868810
         -2.52159265          0.91629963
         -2.51159265          0.91388724
         -2.50159265          0.91145132
         -2.49159265          0.90899228
         -2.48159265          0.90651049
         -2.47159265          0.90400634
         -2.46159265          0.90148020
         -2.45159265          0.89893242
         -2.44159265          0.89636337
         -2.43159265          0.89377340
         -2.42159265          0.89116285
         -2.41159265          0.88853205
         -2.40159265          0.88588133
         -2.39159265          0.88321103
         -2.38159265          0.88052144
         -2.37159265          0.87781289
         -2.36159265          0.87508567
         -2.35159265          0.87234008
         -2.34159265          0.86957641
         -2.33159265          0.86679494
         -2.32159265          0.86399596
         -2.31159265          0.86117974
         -2.30159265          0.85834653
         -2.29159265          0.85549661
         -2.28159265          0.85263023
         -2.27159265          0.84974764
         -2.26159265          0.84684908
         -2.25159265          0.84393479
         -2.24159265          0.84100502
         -2.23159265          0.83805998
         -2.22159265          0.83509990
         -2.21159265          0.83212501
         -2.20159265          0.82913552
         -2.19159265          0.82613164
         -2.18159265          0.82311357
         -2.17159265          0.82008152
         -2.16159265          0.81703569
         -2.15159265          0.81397628
         -2.14159265          0.81090346
         -2.13159265          0.80781744
         -2.12159265          0.80471838
         -2.11159265          0.80160648
         -2.10159265          0.79848190
         -2.09159265          0.79534481
         -2.08159265          0.79219540
         -2.07159265          0.78903381
         -2.06159265          0.78586021
         -2.05159265          0.78267476
         -2.04159265          0.77947762
         -2.03159265          0.77626894
         -2.02159265          0.77304886
         -2.01159265          0.76981754
         -2.00159265          0.76657512
         -1.99159265          0.76332173
         -1.98159265          0.76005752
         -1.97159265          0.75678262
         -1.96159265          0.75349717
         -1.95159265          0.75020129
         -1.94159265          0.74689512
         -1.93159265          0.74357878
         -1.92159265          0.74025239
         -1.91159265          0.73691608
         -1.90159265          0.73356997
         -1.89159265          0.73021416
         -1.88159265          0.72684879
         -1.87159265          0.72347395
         -1.86159265          0.72008977
         -1.85159265          0.71669634
         -1.84159265          0.71329379
         -1.83159265          0.70988221
         -1.82159265          0.70646171
         -1.81159265          0.70303238
         -1.80159265          0.69959434
         -1.79159265          0.69614768
         -1.78159265          0.69269249
         -1.77159265          0.68922888
         -1.76159265          0.68575693
         -1.75159265          0.68227675
         -1.74159265          0.67878841
         -1.73159265          0.67529202
         -1.72159265          0.67178765
         -1.71159265          0.66827540
         -1.70159265          0.66475535
         -1.69159265          0.66122759
         -1.68159265          0.65769220
         -1.67159265          0.65414926
         -1.66159265          0.65059886
         -1.65159265          0.64704107
         -1.64159265          0.64347597
         -1.63159265          0.63990365
         -1.62159265          0.63632417
         -1.61159265          0.63273761
         -1.60159265          0.62914405
         -1.59159265          0.62554356
         -1.58159265          0.62193621
         -1.57159265          0.61832208
         -1.56159265          0.61470124
         -1.55159265          0.61107375
         -1.54159265          0.60743968
         -1.53159265          0.60379911
         -1.52159265          0.60015210
         -1.51159265          0.59649872
         -1.50159265          0.59283903
         -1.49159265          0.58917310
         -1.48159265          0.58550100
         -1.47159265          0.58182278
         -1.46159265          0.57813850
         -1.45159265          0.57444824
         -1.44159265          0.57075205
         -1.43159265          0.56705000
         -1.42159265          0.56334214
         -1.41159265          0.55962853
         -1.40159265          0.55590923
         -1.39159265          0.55218431
         -1.38159265          0.54845381
         -1.37159265          0.54471780
         -1.36159265          0.54097633
         -1.35159265          0.53722946
         -1.34159265          0.53347724
         -1.33159265          0.52971974
         -1.32159265          0.52595699
         -1.31159265          0.52218906
         -1.30159265          0.51841600
         -1.29159265          0.51463787
         -1.28159265          0.51085471
         -1.27159265          0.50706658
         -1.26159265          0.50327353
         -1.25159265          0.49947561
         -1.24159265          0.49567287
         -1.23159265          0.49186537
         -1.22159265          0.48805315
         -1.21159265          0.48423626
         -1.20159265          0.48041475
         -1.19159265          0.47658867
         -1.18159265          0.47275807
         -1.17159265          0.46892299
         -1.16159265          0.46508349
         -1.15159265          0.46123961
         -1.14159265          0.45739140
         -1.13159265          0.45353891
         -1.12159265          0.44968218
         -1.11159265          0.44582125
         -1.10159265          0.44195618
         -1.09159265          0.43808701
         -1.08159265          0.43421378
         -1.07159265          0.43033654
         -1.06159265          0.42645534
         -1.05159265          0.42257021
         -1.04159265          0.41868121
         -1.03159265          0.41478837
         -1.02159265          0.41089174
         -1.01159265          0.40699137
         -1.00159265          0.40308729
         -0.99159265          0.39917955
         -0.98159265          0.39526819
         -0.97159265          0.39135326
         -0.96159265          0.38743479
         -0.95159265          0.38351283
         -0.94159265          0.37958742
         -0.93159265          0.37565860
         -0.92159265          0.37172642
         -0.91159265          0.36779090
         -0.90159265          0.36385211
         -0.89159265          0.35991006
         -0.88159265          0.35596481
         -0.87159265          0.35201640
         -0.86159265          0.34806487
         -0.85159265          0.34411025
         -0.84159265          0.34015259
         -0.83159265          0.33619192
         -0.82159265          0.33222828
         -0.81159265          0.32826173
         -0.80159265          0.32429228
         -0.79159265          0.32031999
         -0.78159265          0.31634489
         -0.77159265          0.31236702
         -0.76159265          0.30838642
         -0.75159265          0.30440312
         -0.74159265          0.30041717
         -0.73159265          0.29642861
         -0.72159265          0.29243746
         -0.71159265          0.28844378
         -0.70159265          0.28444759
         -0.69159265          0.28044894
         -0.68159265          0.27644786
         -0.67159265          0.27244439
         -0.66159265          0.26843857
         -0.65159265          0.26443043
         -0.64159265          0.26042001
         -0.63159265          0.25640735
         -0.62159265          0.25239249
         -0.61159265          0.24837546
         -0.60159265          0.24435629
         -0.59159265          0.24033504
         -0.58159265          0.23631172
         -0.57159265          0.23228638
         -0.56159265          0.22825906
         -0.55159265          0.22422979
         -0.54159265          0.22019861
         -0.53159265          0.21616554
         -0.52159265          0.21213064
         -0.51159265          0.20809393
         -0.50159265          0.20405545
         -0.49159265          0.20001524
         -0.48159265          0.19597333
         -0.47159265          0.19192976
         -0.46159265          0.18788456
         -0.45159265          0.18383777
         -0.44159265          0.17978943
         -0.43159265          0.17573956
         -0.42159265          0.17168821
         -0.41159265          0.16763541
         -0.40159265          0.16358119
         -0.39159265          0.15952559
         -0.38159265          0.15546865
         -0.37159265          0.15141040
         -0.36159265          0.14735087
         -0.35159265          0.14329010
         -0.34159265          0.13922813
         -0.33159265          0.13516499
         -0.32159265          0.13110071
         -0.31159265          0.12703533
         -0.30159265          0.12296888
         -0.29159265          0.11890141
         -0.28159265          0.11483293
         -0.27159265          0.11076349
         -0.26159265          0.10669313
         -0.25159265          0.10262187
         -0.24159265          0.09854975
         -0.23159265          0.09447680
         -0.22159265          0.09040307
         -0.21159265          0.08632858
         -0.20159265          0.08225337
         -0.19159265          0.07817747
         -0.18159265          0.07410092
         -0.17159265          0.07002374
         -0.16159265          0.06594599
         -0.15159265          0.06186768
         -0.14159265          0.05778886
         -0.13159265          0.05370955
         -0.12159265          0.04962980
         -0.11159265          0.04554963
         -0.10159265          0.04146908
         -0.09159265          0.03738819
         -0.08159265          0.03330698
         -0.07159265          0.02922550
         -0.06159265          0.02514377
         -0.05159265          0.02106183
         -0.04159265          0.01697972
         -0.03159265          0.01289747
         -0.02159265          0.00881511
         -0.01159265          0.00473267
         -0.00159265          0.00065020
          0.00840735          0.00343228
          0.01840735          0.00751473
          0.02840735          0.01159712
          0.03840735          0.01567941
          0.04840735          0.01976157
          0.05840735          0.02384357
          0.06840735          0.02792537
          0.07840735          0.03200693
          0.08840735          0.03608823
          0.09840735          0.04016923
          0.10840735          0.04424989
          0.11840735          0.04833018
          0.12840735          0.05241007
          0.13840735          0.05648952
          0.14840735          0.06056850
          0.15840735          0.06464698
          0.16840735          0.06872492
          0.17840735          0.07280228
          0.18840735          0.07687903
          0.19840735          0.08095514
          0.20840735          0.08503058
          0.21840735          0.08910530
          0.22840735          0.09317928
          0.23840735          0.09725248
          0.24840735          0.10132486
          0.25840735          0.10539640
          0.26840735          0.10946706
          0.27840735          0.11353679
          0.28840735          0.11760558
          0.29840735          0.12167338
          0.30840735          0.12574016
          0.31840735          0.12980588
          0.32840735          0.13387051
          0.33840735          0.13793402
          0.34840735          0.14199637
          0.35840735          0.14605752
          0.36840735          0.15011745
          0.37840735          0.15417611
          0.38840735          0.15823348
          0.39840735          0.16228950
          0.40840735          0.16634417
          0.41840735          0.17039742
          0.42840735          0.17444924
          0.43840735          0.17849958
          0.44840735          0.18254842
          0.45840735          0.18659571
          0.46840735          0.19064142
          0.47840735          0.19468551
          0.48840735          0.19872795
          0.49840735          0.20276871
          0.50840735          0.20680774
          0.51840735          0.21084502
          0.52840735          0.21488050
          0.53840735          0.21891415
          0.54840735          0.22294594
          0.55840735          0.22697582
          0.56840735          0.23100377
          0.57840735          0.23502975
          0.58840735          0.23905371
          0.59840735          0.24307563
          0.60840735          0.24709546
          0.61840735          0.25111317
          0.62840735          0.25512873
          0.63840735          0.25914210
          0.64840735          0.26315323
          0.65840735          0.26716210
          0.66840735          0.27116866
          0.67840735          0.27517289
          0.68840735          0.27917473
          0.69840735          0.28317416
          0.70840735          0.28717114
          0.71840735          0.29116563
          0.72840735          0.29515758
          0.73840735          0.29914697
          0.74840735          0.30313376
          0.75840735          0.30711791
          0.76840735          0.31109937
          0.77840735          0.31507811
          0.78840735          0.31905410
          0.79840735          0.32302729
          0.80840735          0.32699765
          0.81840735          0.33096513
          0.82840735          0.33492970
          0.83840735          0.33889132
          0.84840735          0.34284994
          0.85840735          0.34680553
          0.86840735          0.35075805
          0.87840735          0.35470747
          0.88840735          0.35865373
          0.89840735          0.36259679
          0.90840735          0.36653663
          0.91840735          0.37047319
          0.92840735          0.37440644
          0.93840735          0.37833634
          0.94840735          0.38226284
          0.95840735          0.38618591
          0.96840735          0.39010549
          0.97840735          0.39402155
          0.98840735          0.39793406
          0.99840735          0.40184295
          1.00840735          0.40574820
          1.01840735          0.40964976
          1.02840735          0.41354759
          1.03840735          0.41744164
          1.04840735          0.42133186
          1.05840735          0.42521823
          1.06840735          0.42910069
          1.07840735          0.43297920
          1.08840735          0.43685371
          1.09840735          0.44072417
          1.10840735          0.44459056
          1.11840735          0.44845281
          1.12840735          0.45231088
          1.13840735          0.45616473
          1.14840735          0.46001431
          1.15840735          0.46385957
          1.16840735          0.46770047
          1.17840735          0.47153696
          1.18840735          0.47536899
          1.19840735          0.47919652
          1.20840735          0.48301949
          1.21840735          0.48683785
          1.22840735          0.49065157
          1.23840735          0.49446058
          1.24840735          0.49826484
          1.25840735          0.50206430
          1.26840735          0.50585891
          1.27840735          0.50964861
          1.28840735          0.51343336
          1.29840735          0.51721310
          1.30840735          0.52098778
          1.31840735          0.52475735
          1.32840735          0.52852175
          1.33840735          0.53228093
          1.34840735          0.53603484
          1.35840735          0.53978342
          1.36840735          0.54352662
          1.37840735          0.54726437
          1.38840735          0.55099663
          1.39840735          0.55472334
          1.40840735          0.55844443
          1.41840735          0.56215986
          1.42840735          0.56586956
          1.43840735          0.56957347
          1.44840735          0.57327153
          1.45840735          0.57696369
          1.46840735          0.58064987
          1.47840735          0.58433003
          1.48840735          0.58800409
          1.49840735          0.59167200
          1.50840735          0.59533368
          1.51840735          0.59898908
          1.52840735          0.60263813
          1.53840735          0.60628075
          1.54840735          0.60991690
          1.55840735          0.61354649
          1.56840735          0.61716946
          1.57840735          0.62078573
          1.58840735          0.62439525
          1.59840735          0.62799793
          1.60840735          0.63159371
          1.61840735          0.63518250
          1.62840735          0.63876424
          1.63840735          0.64233886
          1.64840735          0.64590627
          1.65840735          0.64946639
          1.66840735          0.65301916
          1.67840735          0.65656448
          1.68840735          0.66010229
          1.69840735          0.66363249
          1.70840735          0.66715500
          1.71840735          0.67066974
          1.72840735          0.67417663
          1.73840735          0.67767557
          1.74840735          0.68116649
          1.75840735          0.68464928
          1.76840735          0.68812386
          1.77840735          0.69159014
          1.78840735          0.69504802
          1.79840735          0.69849740
          1.80840735          0.70193820
          1.81840735          0.70537031
          1.82840735          0.70879364
          1.83840735          0.71220807
          1.84840735          0.71561351
          1.85840735          0.71900985
          1.86840735          0.72239699
          1.87840735          0.72577482
          1.88840735          0.72914322
          1.89840735          0.73250209
          1.90840735          0.73585130
          1.91840735          0.73919075
          1.92840735          0.74252031
          1.93840735          0.74583986
          1.94840735          0.74914929
          1.95840735          0.75244846
          1.96840735          0.75573724
          1.97840735          0.75901552
          1.98840735          0.76228315
          1.99840735          0.76554000
          2.00840735          0.76878593
          2.01840735          0.77202080
          2.02840735          0.77524448
          2.03840735          0.77845681
          2.04840735          0.78165764
          2.05840735          0.78484683
          2.06840735          0.78802422
          2.07840735          0.79118965
          2.08840735          0.79434296
          2.09840735          0.79748399
          2.10840735          0.80061257
          2.11840735          0.80372853
          2.12840735          0.80683170
          2.13840735          0.80992189
          2.14840735          0.81299894
          2.15840735          0.81606264
          2.16840735          0.81911282
          2.17840735          0.82214928
          2.18840735          0.82517182
          2.19840735          0.82818024
          2.20840735          0.83117434
          2.21840735          0.83415391
          2.22840735          0.83711873
          2.23840735          0.84006858
          2.24840735          0.84300324
          2.25840735          0.84592249
          2.26840735          0.84882608
          2.27840735          0.85171378
          2.28840735          0.85458536
          2.29840735          0.85744055
          2.30840735          0.86027910
          2.31840735          0.86310077
          2.32840735          0.86590527
          2.33840735          0.86869234
          2.34840735          0.87146171
          2.35840735          0.87421309
          2.36840735          0.87694620
          2.37840735          0.87966073
          2.38840735          0.88235639
          2.39840735          0.88503287
          2.40840735          0.88768986
          2.41840735          0.89032704
          2.42840735          0.89294407
          2.43840735          0.89554064
          2.44840735          0.89811639
          2.45840735          0.90067098
          2.46840735          0.90320406
          2.47840735          0.90571525
          2.48840735          0.90820421
          2.49840735          0.91067053
          2.50840735          0.91311386
          2.51840735          0.91553379
          2.52840735          0.91792992
          2.53840735          0.92030185
          2.54840735          0.92264917
          2.55840735          0.92497145
          2.56840735          0.92726827
          2.57840735          0.92953919
          2.58840735          0.93178377
          2.59840735          0.93400155
          2.60840735          0.93619209
          2.61840735          0.93835491
          2.62840735          0.94048954
          2.63840735          0.94259551
          2.64840735          0.94467233
          2.65840735          0.94671950
          2.66840735          0.94873653
          2.67840735          0.95072291
          2.68840735          0.95267812
          2.69840735          0.95460167
          2.70840735          0.95649301
          2.71840735          0.95835163
          2.72840735          0.96017700
          2.73840735          0.96196857
          2.74840735          0.96372581
          2.75840735          0.96544817
          2.76840735          0.96713512
          2.77840735          0.96878610
          2.78840735          0.97040057
          2.79840735          0.97197797
          2.80840735          0.97351775
          2.81840735          0.97501937
          2.82840735          0.97648228
          2.83840735          0.97790593
          2.84840735          0.97928978
          2.85840735          0.98063329
          2.86840735          0.98193592
          2.87840735          0.98319715
          2.88840735          0.98441646
          2.89840735          0.98559332
          2.90840735          0.98672723
          2.91840735          0.98781769
          2.92840735          0.98886423
          2.93840735          0.98986635
          2.94840735          0.99082361
          2.95840735          0.99173554
          2.96840735          0.99260173
          2.97840735          0.99342174
          2.98840735          0.99419518
          2.99840735          0.99492167
          3.00840735          0.99560083
          3.01840735          0.99623233
          3.02840735          0.99681583
          3.03840735          0.99735105
          3.04840735          0.99783769
          3.05840735          0.99827550
          3.06840735          0.99866425
          3.07840735          0.99900372
          3.08840735          0.99929374
          3.09840735          0.99953416
          3.10840735          0.99972482
          3.11840735          0.99986564
          3.12840735          0.99995654
          3.13840735          0.99999746
