         -3.14159265          1.00000000          1.41421356
         -3.13159265          0.99997500          1.41423124
         -3.12159265          0.99990002          1.41428425
         -3.11159265          0.99977509          1.41437257
         -3.10159265          0.99960029          1.41449611
         -3.09159265          0.99937571          1.41465479
         -3.08159265          0.99910148          1.41484848
         -3.07159265          0.99877774          1.41507704
         -3.06159265          0.99840466          1.41534029
         -3.05159265          0.99798246          1.41563803
         -3.04159265          0.99751134          1.41597003
         -3.03159265          0.99699157          1.41633605
         -3.02159265          0.99642341          1.41673582
         -3.01159265          0.99580717          1.41716904
         -3.00159265          0.99514315          1.41763539
         -2.99159265          0.99443170          1.41813455
         -2.98159265          0.99367318          1.41866614
         -2.97159265          0.99286796          1.41922980
         -2.96159265          0.99201644          1.41982513
         -2.95159265          0.99111903          1.42045171
         -2.94159265          0.99017616          1.42110914
         -2.93159265          0.98918828          1.42179695
         -2.92159265          0.98815584          1.42251469
         -2.91159265          0.98707931          1.42326190
         -2.90159265          0.98595919          1.42403809
         -2.89159265          0.98479595          1.42484277
         -2.88159265          0.98359011          1.42567545
         -2.87159265          0.98234218          1.42653561
         -2.86159265          0.98105268          1.42742273
         -2.85159265          0.97972213          1.42833628
         -2.84159265          0.97835108          1.42927575
         -2.83159265          0.97694004          1.43024059
         -2.82159265          0.97548958          1.43123027
         -2.81159265          0.97400023          1.43224424
         -2.80159265          0.97247254          1.43328195
         -2.79159265          0.97090706          1.43434287
         -2.78159265          0.96930435          1.43542645
         -2.77159265          0.96766494          1.43653213
         -2.76159265          0.96598939          1.43765938
         -2.75159265          0.96427824          1.43880765
         -2.74159265          0.96253205          1.43997640
         -2.73159265          0.96075136          1.44116509
         -2.72159265          0.95893670          1.44237318
         -2.71159265          0.95708862          1.44360014
         -2.70159265          0.95520764          1.44484545
         -2.69159265          0.95329430          1.44610857
         -2.68159265          0.95134911          1.44738898
         -2.67159265          0.94937260          1.44868619
         -2.66159265          0.94736528          1.44999966
         -2.65159265          0.94532766          1.45132892
         -2.64159265          0.94326023          1.45267345
         -2.63159265          0.94116349          1.45403276
         -2.62159265          0.93903794          1.45540639
         -2.61159265          0.93688405          1.45679384
         -2.60159265          0.93470229          1.45819465
         -2.59159265          0.93249313          1.45960836
         -2.58159265          0.93025704          1.46103451
         -2.57159265          0.92799446          1.46247266
         -2.56159265          0.92570584          1.46392237
         -2.55159265          0.92339162          1.46538320
         -2.54159265          0.92105223          1.46685473
         -2.53159265          0.91868810          1.46833654
         -2.52159265          0.91629963          1.46982822
         -2.51159265          0.91388724          1.47132937
         -2.50159265          0.91145132          1.47283960
         -2.49159265          0.90899228          1.47435852
         -2.48159265          0.90651049          1.47588574
         -2.47159265          0.90400634          1.47742091
         -2.46159265          0.90148020          1.47896364
         -2.45159265          0.89893242          1.48051359
         -2.44159265          0.89636337          1.48207041
         -2.43159265          0.89377340          1.48363375
         -2.42159265          0.89116285          1.48520328
         -2.41159265          0.88853205          1.48677867
         -2.40159265          0.88588133          1.48835959
         -2.39159265          0.88321103          1.48994573
         -2.38159265          0.88052144          1.49153679
         -2.37159265          0.87781289          1.49313246
         -2.36159265          0.87508567          1.49473244
         -2.35159265          0.87234008          1.49633646
         -2.34159265          0.86957641          1.49794421
         -2.33159265          0.86679494          1.49955544
         -2.32159265          0.86399596          1.50116987
         -2.31159265          0.86117974          1.50278723
         -2.30159265          0.85834653          1.50440727
         -2.29159265          0.85549661          1.50602973
         -2.28159265          0.85263023          1.50765437
         -2.27159265          0.84974764          1.50928094
         -2.26159265          0.84684908          1.51090921
         -2.25159265          0.84393479          1.51253895
         -2.24159265          0.84100502          1.51416992
         -2.23159265          0.83805998          1.51580192
         -2.22159265          0.83509990          1.51743473
         -2.21159265          0.83212501          1.51906812
         -2.20159265          0.82913552          1.52070191
         -2.19159265          0.82613164          1.52233588
         -2.18159265          0.82311357          1.52396983
         -2.17159265          0.82008152          1.52560358
         -2.16159265          0.81703569          1.52723694
         -2.15159265          0.81397628          1.52886972
         -2.14159265          0.81090346          1.53050174
         -2.13159265          0.80781744          1.53213282
         -2.12159265          0.80471838          1.53376280
         -2.11159265          0.80160648          1.53539150
         -2.10159265          0.79848190          1.53701876
         -2.09159265          0.79534481          1.53864441
         -2.08159265          0.79219540          1.54026831
         -2.07159265          0.78903381          1.54189028
         -2.06159265          0.78586021          1.54351020
         -2.05159265          0.78267476          1.54512790
         -2.04159265          0.77947762          1.54674323
         -2.03159265          0.77626894          1.54835607
         -2.02159265          0.77304886          1.54996627
         -2.01159265          0.76981754          1.55157370
         -2.00159265          0.76657512          1.55317822
         -1.99159265          0.76332173          1.55477971
         -1.98159265          0.76005752          1.55637803
         -1.97159265          0.75678262          1.55797306
         -1.96159265          0.75349717          1.55956469
         -1.95159265          0.75020129          1.56115279
         -1.94159265          0.74689512          1.56273724
         -1.93159265          0.74357878          1.56431793
         -1.92159265          0.74025239          1.56589476
         -1.91159265          0.73691608          1.56746760
         -1.90159265          0.73356997          1.56903636
         -1.89159265          0.73021416          1.57060093
         -1.88159265          0.72684879          1.57216120
         -1.87159265          0.72347395          1.57371708
         -1.86159265          0.72008977          1.57526846
         -1.85159265          0.71669634          1.57681526
         -1.84159265          0.71329379          1.57835736
         -1.83159265          0.70988221          1.57989470
         -1.82159265          0.70646171          1.58142716
         -1.81159265          0.70303238          1.58295466
         -1.80159265          0.69959434          1.58447712
         -1.79159265          0.69614768          1.58599445
         -1.78159265          0.69269249          1.58750657
         -1.77159265          0.68922888          1.58901339
         -1.76159265          0.68575693          1.59051483
         -1.75159265          0.68227675          1.59201082
         -1.74159265          0.67878841          1.59350127
         -1.73159265          0.67529202          1.59498611
         -1.72159265          0.67178765          1.59646527
         -1.71159265          0.66827540          1.59793867
         -1.70159265          0.66475535          1.59940624
         -1.69159265          0.66122759          1.60086791
         -1.68159265          0.65769220          1.60232362
         -1.67159265          0.65414926          1.60377328
         -1.66159265          0.65059886          1.60521685
         -1.65159265          0.64704107          1.60665424
         -1.64159265          0.64347597          1.60808541
         -1.63159265          0.63990365          1.60951027
         -1.62159265          0.63632417          1.61092879
         -1.61159265          0.63273761          1.61234088
         -1.60159265          0.62914405          1.61374650
         -1.59159265          0.62554356          1.61514558
         -1.58159265          0.62193621          1.61653808
         -1.57159265          0.61832208          1.61792392
         -1.56159265          0.61470124          1.61930306
         -1.55159265          0.61107375          1.62067544
         -1.54159265          0.60743968          1.62204101
         -1.53159265          0.60379911          1.62339971
         -1.52159265          0.60015210          1.62475150
         -1.51159265          0.59649872          1.62609633
         -1.50159265          0.59283903          1.62743414
         -1.49159265          0.58917310          1.62876489
         -1.48159265          0.58550100          1.63008852
         -1.47159265          0.58182278          1.63140500
         -1.46159265          0.57813850          1.63271427
         -1.45159265          0.57444824          1.63401628
         -1.44159265          0.57075205          1.63531101
         -1.43159265          0.56705000          1.63659839
         -1.42159265          0.56334214          1.63787839
         -1.41159265          0.55962853          1.63915097
         -1.40159265          0.55590923          1.64041608
         -1.39159265          0.55218431          1.64167369
         -1.38159265          0.54845381          1.64292374
         -1.37159265          0.54471780          1.64416621
         -1.36159265          0.54097633          1.64540105
         -1.35159265          0.53722946          1.64662822
         -1.34159265          0.53347724          1.64784770
         -1.33159265          0.52971974          1.64905943
         -1.32159265          0.52595699          1.65026339
         -1.31159265          0.52218906          1.65145953
         -1.30159265          0.51841600          1.65264783
         -1.29159265          0.51463787          1.65382825
         -1.28159265          0.51085471          1.65500074
         -1.27159265          0.50706658          1.65616529
         -1.26159265          0.50327353          1.65732186
         -1.25159265          0.49947561          1.65847041
         -1.24159265          0.49567287          1.65961092
         -1.23159265          0.49186537          1.66074335
         -1.22159265          0.48805315          1.66186766
         -1.21159265          0.48423626          1.66298384
         -1.20159265          0.48041475          1.66409185
         -1.19159265          0.47658867          1.66519165
         -1.18159265          0.47275807          1.66628323
         -1.17159265          0.46892299          1.66736655
         -1.16159265          0.46508349          1.66844159
         -1.15159265          0.46123961          1.66950832
         -1.14159265          0.45739140          1.67056670
         -1.13159265          0.45353891          1.67161672
         -1.12159265          0.44968218          1.67265835
         -1.11159265          0.44582125          1.67369155
         -1.10159265          0.44195618          1.67471631
         -1.09159265          0.43808701          1.67573261
         -1.08159265          0.43421378          1.67674041
         -1.07159265          0.43033654          1.67773969
         -1.06159265          0.42645534          1.67873043
         -1.05159265          0.42257021          1.67971260
         -1.04159265          0.41868121          1.68068618
         -1.03159265          0.41478837          1.68165115
         -1.02159265          0.41089174          1.68260749
         -1.01159265          0.40699137          1.68355517
         -1.00159265          0.40308729          1.68449418
         -0.99159265          0.39917955          1.68542448
         -0.98159265          0.39526819          1.68634607
         -0.97159265          0.39135326          1.68725891
         -0.96159265          0.38743479          1.68816299
         -0.95159265          0.38351283          1.68905829
         -0.94159265          0.37958742          1.68994479
         -0.93159265          0.37565860          1.69082247
         -0.92159265          0.37172642          1.69169130
         -0.91159265          0.36779090          1.69255128
         -0.90159265          0.36385211          1.69340239
         -0.89159265          0.35991006          1.69424459
         -0.88159265          0.35596481          1.69507789
         -0.87159265          0.35201640          1.69590225
         -0.86159265          0.34806487          1.69671767
         -0.85159265          0.34411025          1.69752412
         -0.84159265          0.34015259          1.69832159
         -0.83159265          0.33619192          1.69911006
         -0.82159265          0.33222828          1.69988952
         -0.81159265          0.32826173          1.70065994
         -0.80159265          0.32429228          1.70142132
         -0.79159265          0.32031999          1.70217364
         -0.78159265          0.31634489          1.70291688
         -0.77159265          0.31236702          1.70365103
         -0.76159265          0.30838642          1.70437608
         -0.75159265          0.30440312          1.70509200
         -0.74159265          0.30041717          1.70579879
         -0.73159265          0.29642861          1.70649643
         -0.72159265          0.29243746          1.70718491
         -0.71159265          0.28844378          1.70786422
         -0.70159265          0.28444759          1.70853433
         -0.69159265          0.28044894          1.70919525
         -0.68159265          0.27644786          1.70984695
         -0.67159265          0.27244439          1.71048942
         -0.66159265          0.26843857          1.71112265
         -0.65159265          0.26443043          1.71174664
         -0.64159265          0.26042001          1.71236136
         -0.63159265          0.25640735          1.71296680
         -0.62159265          0.25239249          1.71356296
         -0.61159265          0.24837546          1.71414983
         -0.60159265          0.24435629          1.71472738
         -0.59159265          0.24033504          1.71529562
         -0.58159265          0.23631172          1.71585453
         -0.57159265          0.23228638          1.71640410
         -0.56159265          0.22825906          1.71694432
         -0.55159265          0.22422979          1.71747518
         -0.54159265          0.22019861          1.71799667
         -0.53159265          0.21616554          1.71850879
         -0.52159265          0.21213064          1.71901152
         -0.51159265          0.20809393          1.71950485
         -0.50159265          0.20405545          1.71998877
         -0.49159265          0.20001524          1.72046328
         -0.48159265          0.19597333          1.72092837
         -0.47159265          0.19192976          1.72138403
         -0.46159265          0.18788456          1.72183024
         -0.45159265          0.18383777          1.72226702
         -0.44159265          0.17978943          1.72269433
         -0.43159265          0.17573956          1.72311219
         -0.42159265          0.17168821          1.72352057
         -0.41159265          0.16763541          1.72391948
         -0.40159265          0.16358119          1.72430890
         -0.39159265          0.15952559          1.72468884
         -0.38159265          0.15546865          1.72505927
         -0.37159265          0.15141040          1.72542021
         -0.36159265          0.14735087          1.72577163
         -0.35159265          0.14329010          1.72611354
         -0.34159265          0.13922813          1.72644592
         -0.33159265          0.13516499          1.72676878
         -0.32159265          0.13110071          1.72708211
         -0.31159265          0.12703533          1.72738589
         -0.30159265          0.12296888          1.72768014
         -0.29159265          0.11890141          1.72796483
         -0.28159265          0.11483293          1.72823997
         -0.27159265          0.11076349          1.72850555
         -0.26159265          0.10669313          1.72876157
         -0.25159265          0.10262187          1.72900803
         -0.24159265          0.09854975          1.72924491
         -0.23159265          0.09447680          1.72947221
         -0.22159265          0.09040307          1.72968994
         -0.21159265          0.08632858          1.72989808
         -0.20159265          0.08225337          1.73009664
         -0.19159265          0.07817747          1.73028561
         -0.18159265          0.07410092          1.73046498
         -0.17159265          0.07002374          1.73063476
         -0.16159265          0.06594599          1.73079494
         -0.15159265          0.06186768          1.73094552
         -0.14159265          0.05778886          1.73108649
         -0.13159265          0.05370955          1.73121786
         -0.12159265          0.04962980          1.73133962
         -0.11159265          0.04554963          1.73145177
         -0.10159265          0.04146908          1.73155431
         -0.09159265          0.03738819          1.73164723
         -0.08159265          0.03330698          1.73173053
         -0.07159265          0.02922550          1.73180422
         -0.06159265          0.02514377          1.73186829
         -0.05159265          0.02106183          1.73192275
         -0.04159265          0.01697972          1.73196758
         -0.03159265          0.01289747          1.73200279
         -0.02159265          0.00881511          1.73202838
         -0.01159265          0.00473267          1.73204434
         -0.00159265          0.00065020          1.73205069
          0.00840735          0.00343228          1.73204741
          0.01840735          0.00751473          1.73203451
          0.02840735          0.01159712          1.73201198
          0.03840735          0.01567941          1.73197984
          0.04840735          0.01976157          1.73193807
          0.05840735          0.02384357          1.73188668
          0.06840735          0.02792537          1.73182568
          0.07840735          0.03200693          1.73175505
          0.08840735          0.03608823          1.73167481
          0.09840735          0.04016923          1.73158495
          0.10840735          0.04424989          1.73148547
          0.11840735          0.04833018          1.73137639
          0.12840735          0.05241007          1.73125769
          0.13840735          0.05648952          1.73112938
          0.14840735          0.06056850          1.73099147
          0.15840735          0.06464698          1.73084395
          0.16840735          0.06872492          1.73068682
          0.17840735          0.07280228          1.73052010
          0.18840735          0.07687903          1.73034379
          0.19840735          0.08095514          1.73015787
          0.20840735          0.08503058          1.72996237
          0.21840735          0.08910530          1.72975728
          0.22840735          0.09317928          1.72954260
          0.23840735          0.09725248          1.72931835
          0.24840735          0.10132486          1.72908452
          0.25840735          0.10539640          1.72884111
          0.26840735          0.10946706          1.72858814
          0.27840735          0.11353679          1.72832560
          0.28840735          0.11760558          1.72805351
          0.29840735          0.12167338          1.72777186
          0.30840735          0.12574016          1.72748065
          0.31840735          0.12980588          1.72717991
          0.32840735          0.13387051          1.72686962
          0.33840735          0.13793402          1.72654980
          0.34840735          0.14199637          1.72622045
          0.35840735          0.14605752          1.72588157
          0.36840735          0.15011745          1.72553318
          0.37840735          0.15417611          1.72517527
          0.38840735          0.15823348          1.72480786
          0.39840735          0.16228950          1.72443095
          0.40840735          0.16634417          1.72404455
          0.41840735          0.17039742          1.72364866
          0.42840735          0.17444924          1.72324330
          0.43840735          0.17849958          1.72282846
          0.44840735          0.18254842          1.72240416
          0.45840735          0.18659571          1.72197040
          0.46840735          0.19064142          1.72152719
          0.47840735          0.19468551          1.72107453
          0.48840735          0.19872795          1.72061245
          0.49840735          0.20276871          1.72014094
          0.50840735          0.20680774          1.71966001
          0.51840735          0.21084502          1.71916968
          0.52840735          0.21488050          1.71866994
          0.53840735          0.21891415          1.71816082
          0.54840735          0.22294594          1.71764231
          0.55840735          0.22697582          1.71711443
          0.56840735          0.23100377          1.71657719
          0.57840735          0.23502975          1.71603060
          0.58840735          0.23905371          1.71547466
          0.59840735          0.24307563          1.71490940
          0.60840735          0.24709546          1.71433481
          0.61840735          0.25111317          1.71375091
          0.62840735          0.25512873          1.71315771
          0.63840735          0.25914210          1.71255522
          0.64840735          0.26315323          1.71194345
          0.65840735          0.26716210          1.71132242
          0.66840735          0.27116866          1.71069213
          0.67840735          0.27517289          1.71005260
          0.68840735          0.27917473          1.70940383
          0.69840735          0.28317416          1.70874585
          0.70840735          0.28717114          1.70807867
          0.71840735          0.29116563          1.70740229
          0.72840735          0.29515758          1.70671673
          0.73840735          0.29914697          1.70602201
          0.74840735          0.30313376          1.70531813
          0.75840735          0.30711791          1.70460511
          0.76840735          0.31109937          1.70388297
          0.77840735          0.31507811          1.70315172
          0.78840735          0.31905410          1.70241137
          0.79840735          0.32302729          1.70166194
          0.80840735          0.32699765          1.70090345
          0.81840735          0.33096513          1.70013590
          0.82840735          0.33492970          1.69935932
          0.83840735          0.33889132          1.69857372
          0.84840735          0.34284994          1.69777911
          0.85840735          0.34680553          1.69697552
          0.86840735          0.35075805          1.69616296
          0.87840735          0.35470747          1.69534144
          0.88840735          0.35865373          1.69451099
          0.89840735          0.36259679          1.69367162
          0.90840735          0.36653663          1.69282335
          0.91840735          0.37047319          1.69196620
          0.92840735          0.37440644          1.69110018
          0.93840735          0.37833634          1.69022531
          0.94840735          0.38226284          1.68934162
          0.95840735          0.38618591          1.68844912
          0.96840735          0.39010549          1.68754784
          0.97840735          0.39402155          1.68663778
          0.98840735          0.39793406          1.68571898
          0.99840735          0.40184295          1.68479145
          1.00840735          0.40574820          1.68385522
          1.01840735          0.40964976          1.68291030
          1.02840735          0.41354759          1.68195672
          1.03840735          0.41744164          1.68099449
          1.04840735          0.42133186          1.68002365
          1.05840735          0.42521823          1.67904421
          1.06840735          0.42910069          1.67805620
          1.07840735          0.43297920          1.67705963
          1.08840735          0.43685371          1.67605455
          1.09840735          0.44072417          1.67504096
          1.10840735          0.44459056          1.67401889
          1.11840735          0.44845281          1.67298837
          1.12840735          0.45231088          1.67194942
          1.13840735          0.45616473          1.67090207
          1.14840735          0.46001431          1.66984635
          1.15840735          0.46385957          1.66878228
          1.16840735          0.46770047          1.66770989
          1.17840735          0.47153696          1.66662920
          1.18840735          0.47536899          1.66554025
          1.19840735          0.47919652          1.66444306
          1.20840735          0.48301949          1.66333766
          1.21840735          0.48683785          1.66222408
          1.22840735          0.49065157          1.66110236
          1.23840735          0.49446058          1.65997251
          1.24840735          0.49826484          1.65883457
          1.25840735          0.50206430          1.65768858
          1.26840735          0.50585891          1.65653456
          1.27840735          0.50964861          1.65537255
          1.28840735          0.51343336          1.65420258
          1.29840735          0.51721310          1.65302469
          1.30840735          0.52098778          1.65183889
          1.31840735          0.52475735          1.65064525
          1.32840735          0.52852175          1.64944377
          1.33840735          0.53228093          1.64823451
          1.34840735          0.53603484          1.64701750
          1.35840735          0.53978342          1.64579277
          1.36840735          0.54352662          1.64456037
          1.37840735          0.54726437          1.64332033
          1.38840735          0.55099663          1.64207269
          1.39840735          0.55472334          1.64081748
          1.40840735          0.55844443          1.63955476
          1.41840735          0.56215986          1.63828456
          1.42840735          0.56586956          1.63700692
          1.43840735          0.56957347          1.63572188
          1.44840735          0.57327153          1.63442949
          1.45840735          0.57696369          1.63312979
          1.46840735          0.58064987          1.63182282
          1.47840735          0.58433003          1.63050864
          1.48840735          0.58800409          1.62918728
          1.49840735          0.59167200          1.62785879
          1.50840735          0.59533368          1.62652323
          1.51840735          0.59898908          1.62518063
          1.52840735          0.60263813          1.62383105
          1.53840735          0.60628075          1.62247454
          1.54840735          0.60991690          1.62111116
          1.55840735          0.61354649          1.61974094
          1.56840735          0.61716946          1.61836395
          1.57840735          0.62078573          1.61698023
          1.58840735          0.62439525          1.61558985
          1.59840735          0.62799793          1.61419286
          1.60840735          0.63159371          1.61278932
          1.61840735          0.63518250          1.61137928
          1.62840735          0.63876424          1.60996281
          1.63840735          0.64233886          1.60853996
          1.64840735          0.64590627          1.60711079
          1.65840735          0.64946639          1.60567537
          1.66840735          0.65301916          1.60423377
          1.67840735          0.65656448          1.60278604
          1.68840735          0.66010229          1.60133225
          1.69840735          0.66363249          1.59987247
          1.70840735          0.66715500          1.59840677
          1.71840735          0.67066974          1.59693522
          1.72840735          0.67417663          1.59545789
          1.73840735          0.67767557          1.59397485
          1.74840735          0.68116649          1.59248618
          1.75840735          0.68464928          1.59099194
          1.76840735          0.68812386          1.58949223
          1.77840735          0.69159014          1.58798712
          1.78840735          0.69504802          1.58647668
          1.79840735          0.69849740          1.58496100
          1.80840735          0.70193820          1.58344017
          1.81840735          0.70537031          1.58191426
          1.82840735          0.70879364          1.58038337
          1.83840735          0.71220807          1.57884757
          1.84840735          0.71561351          1.57730698
          1.85840735          0.71900985          1.57576167
          1.86840735          0.72239699          1.57421173
          1.87840735          0.72577482          1.57265728
          1.88840735          0.72914322          1.57109839
          1.89840735          0.73250209          1.56953518
          1.90840735          0.73585130          1.56796775
          1.91840735          0.73919075          1.56639619
          1.92840735          0.74252031          1.56482063
          1.93840735          0.74583986          1.56324115
          1.94840735          0.74914929          1.56165788
          1.95840735          0.75244846          1.56007093
          1.96840735          0.75573724          1.55848042
          1.97840735          0.75901552          1.55688646
          1.98840735          0.76228315          1.55528917
          1.99840735          0.76554000          1.55368868
          2.00840735          0.76878593          1.55208511
          2.01840735          0.77202080          1.55047860
          2.02840735          0.77524448          1.54886927
          2.03840735          0.77845681          1.54725725
          2.04840735          0.78165764          1.54564269
          2.05840735          0.78484683          1.54402573
          2.06840735          0.78802422          1.54240651
          2.07840735          0.79118965          1.54078517
          2.08840735          0.79434296          1.53916187
          2.09840735          0.79748399          1.53753676
          2.10840735          0.80061257          1.53590999
          2.11840735          0.80372853          1.53428174
          2.12840735          0.80683170          1.53265215
          2.13840735          0.80992189          1.53102140
          2.14840735          0.81299894          1.52938966
          2.15840735          0.81606264          1.52775710
          2.16840735          0.81911282          1.52612391
          2.17840735          0.82214928          1.52449026
          2.18840735          0.82517182          1.52285635
          2.19840735          0.82818024          1.52122237
          2.20840735          0.83117434          1.51958850
          2.21840735          0.83415391          1.51795496
          2.22840735          0.83711873          1.51632194
          2.23840735          0.84006858          1.51468967
          2.24840735          0.84300324          1.51305834
          2.25840735          0.84592249          1.51142818
          2.26840735          0.84882608          1.50979942
          2.27840735          0.85171378          1.50817228
          2.28840735          0.85458536          1.50654700
          2.29840735          0.85744055          1.50492382
          2.30840735          0.86027910          1.50330298
          2.31840735          0.86310077          1.50168474
          2.32840735          0.86590527          1.50006935
          2.33840735          0.86869234          1.49845708
          2.34840735          0.87146171          1.49684818
          2.35840735          0.87421309          1.49524295
          2.36840735          0.87694620          1.49364165
          2.37840735          0.87966073          1.49204457
          2.38840735          0.88235639          1.49045201
          2.39840735          0.88503287          1.48886427
          2.40840735          0.88768986          1.48728165
          2.41840735          0.89032704          1.48570447
          2.42840735          0.89294407          1.48413304
          2.43840735          0.89554064          1.48256769
          2.44840735          0.89811639          1.48100876
          2.45840735          0.90067098          1.47945658
          2.46840735          0.90320406          1.47791151
          2.47840735          0.90571525          1.47637390
          2.48840735          0.90820421          1.47484410
          2.49840735          0.91067053          1.47332250
          2.50840735          0.91311386          1.47180946
          2.51840735          0.91553379          1.47030537
          2.52840735          0.91792992          1.46881063
          2.53840735          0.92030185          1.46732563
          2.54840735          0.92264917          1.46585078
          2.55840735          0.92497145          1.46438650
          2.56840735          0.92726827          1.46293320
          2.57840735          0.92953919          1.46149133
          2.58840735          0.93178377          1.46006130
          2.59840735          0.93400155          1.45864358
          2.60840735          0.93619209          1.45723861
          2.61840735          0.93835491          1.45584685
          2.62840735          0.94048954          1.45446877
          2.63840735          0.94259551          1.45310485
          2.64840735          0.94467233          1.45175556
          2.65840735          0.94671950          1.45042138
          2.66840735          0.94873653          1.44910283
          2.67840735          0.95072291          1.44780039
          2.68840735          0.95267812          1.44651457
          2.69840735          0.95460167          1.44524588
          2.70840735          0.95649301          1.44399485
          2.71840735          0.95835163          1.44276199
          2.72840735          0.96017700          1.44154783
          2.73840735          0.96196857          1.44035290
          2.74840735          0.96372581          1.43917774
          2.75840735          0.96544817          1.43802289
          2.76840735          0.96713512          1.43688888
          2.77840735          0.96878610          1.43577627
          2.78840735          0.97040057          1.43468559
          2.79840735          0.97197797          1.43361740
          2.80840735          0.97351775          1.43257223
          2.81840735          0.97501937          1.43155064
          2.82840735          0.97648228          1.43055316
          2.83840735          0.97790593          1.42958035
          2.84840735          0.97928978          1.42863275
          2.85840735          0.98063329          1.42771088
          2.86840735          0.98193592          1.42681528
          2.87840735          0.98319715          1.42594648
          2.88840735          0.98441646          1.42510499
          2.89840735          0.98559332          1.42429134
          2.90840735          0.98672723          1.42350602
          2.91840735          0.98781769          1.42274952
          2.92840735          0.98886423          1.42202234
          2.93840735          0.98986635          1.42132495
          2.94840735          0.99082361          1.42065780
          2.95840735          0.99173554          1.42002134
          2.96840735          0.99260173          1.41941601
          2.97840735          0.99342174          1.41884222
          2.98840735          0.99419518          1.41830037
          2.99840735          0.99492167          1.41779084
          3.00840735          0.99560083          1.41731401
          3.01840735          0.99623233          1.41687020
          3.02840735          0.99681583          1.41645974
          3.03840735          0.99735105          1.41608294
          3.04840735          0.99783769          1.41574007
          3.05840735          0.99827550          1.41543139
          3.06840735          0.99866425          1.41515714
          3.07840735          0.99900372          1.41491751
          3.08840735          0.99929374          1.41471270
          3.09840735          0.99953416          1.41454285
          3.10840735          0.99972482          1.41440810
          3.11840735          0.99986564          1.41430856
          3.12840735          0.99995654          1.41424429
          3.13840735          0.99999746          1.41421536
