         -6.28318531          3.56155281          3.14159265          2.00000000
         -6.27318531          3.56152856          3.15159265          2.00009999
         -6.26318531          3.56145580          3.16159265          2.00039983
         -6.25318531          3.56133454          3.17159265          2.00089912
         -6.24318531          3.56116477          3.18159265          2.00159724
         -6.23318531          3.56094651          3.19159265          2.00249326
         -6.22318531          3.56067976          3.20159265          2.00358606
         -6.21318531          3.56036453          3.21159265          2.00487424
         -6.20318531          3.56000083          3.22159265          2.00635619
         -6.19318531          3.55958866          3.23159265          2.00803005
         -6.18318531          3.55912805          3.24159265          2.00989378
         -6.17318531          3.55861900          3.25159265          2.01194512
         -6.16318531          3.55806153          3.26159265          2.01418161
         -6.15318531          3.55745566          3.27159265          2.01660063
         -6.14318531          3.55680140          3.28159265          2.01919939
         -6.13318531          3.55609877          3.29159265          2.02197495
         -6.12318531          3.55534780          3.30159265          2.02492422
         -6.11318531          3.55454850          3.31159265          2.02804400
         -6.10318531          3.55370090          3.32159265          2.03133098
         -6.09318531          3.55280502          3.33159265          2.03478176
         -6.08318531          3.55186090          3.34159265          2.03839283
         -6.07318531          3.55086855          3.35159265          2.04216065
         -6.06318531          3.54982802          3.36159265          2.04608159
         -6.05318531          3.54873932          3.37159265          2.05015199
         -6.04318531          3.54760249          3.38159265          2.05436815
         -6.03318531          3.54641756          3.39159265          2.05872637
         -6.02318531          3.54518458          3.40159265          2.06322291
         -6.01318531          3.54390357          3.41159265          2.06785404
         -6.00318531          3.54257457          3.42159265          2.07261603
         -5.99318531          3.54119763          3.43159265          2.07750519
         -5.98318531          3.53977278          3.44159265          2.08251783
         -5.97318531          3.53830006          3.45159265          2.08765029
         -5.96318531          3.53677953          3.46159265          2.09289895
         -5.95318531          3.53521121          3.47159265          2.09826024
         -5.94318531          3.53359517          3.48159265          2.10373063
         -5.93318531          3.53193145          3.49159265          2.10930663
         -5.92318531          3.53022010          3.50159265          2.11498484
         -5.91318531          3.52846116          3.51159265          2.12076188
         -5.90318531          3.52665470          3.52159265          2.12663445
         -5.89318531          3.52480076          3.53159265          2.13259930
         -5.88318531          3.52289940          3.54159265          2.13865328
         -5.87318531          3.52095068          3.55159265          2.14479326
         -5.86318531          3.51895465          3.56159265          2.15101622
         -5.85318531          3.51691138          3.57159265          2.15731918
         -5.84318531          3.51482092          3.58159265          2.16369923
         -5.83318531          3.51268333          3.59159265          2.17015356
         -5.82318531          3.51049869          3.60159265          2.17667940
         -5.81318531          3.50826706          3.61159265          2.18327405
         -5.80318531          3.50598850          3.62159265          2.18993489
         -5.79318531          3.50366307          3.63159265          2.19665937
         -5.78318531          3.50129086          3.64159265          2.20344501
         -5.77318531          3.49887194          3.65159265          2.21028937
         -5.76318531          3.49640636          3.66159265          2.21719010
         -5.75318531          3.49389422          3.67159265          2.22414492
         -5.74318531          3.49133557          3.68159265          2.23115158
         -5.73318531          3.48873051          3.69159265          2.23820794
         -5.72318531          3.48607911          3.70159265          2.24531187
         -5.71318531          3.48338144          3.71159265          2.25246133
         -5.70318531          3.48063760          3.72159265          2.25965433
         -5.69318531          3.47784766          3.73159265          2.26688894
         -5.68318531          3.47501170          3.74159265          2.27416327
         -5.67318531          3.47212982          3.75159265          2.28147550
         -5.66318531          3.46920210          3.76159265          2.28882386
         -5.65318531          3.46622863          3.77159265          2.29620662
         -5.64318531          3.46320949          3.78159265          2.30362210
         -5.63318531          3.46014479          3.79159265          2.31106868
         -5.62318531          3.45703461          3.80159265          2.31854477
         -5.61318531          3.45387905          3.81159265          2.32604883
         -5.60318531          3.45067820          3.82159265          2.33357937
         -5.59318531          3.44743216          3.83159265          2.34113493
         -5.58318531          3.44414104          3.84159265          2.34871410
         -5.57318531          3.44080492          3.85159265          2.35631551
         -5.56318531          3.43742392          3.86159265          2.36393781
         -5.55318531          3.43399814          3.87159265          2.37157971
         -5.54318531          3.43052768          3.88159265          2.37923995
         -5.53318531          3.42701265          3.89159265          2.38691728
         -5.52318531          3.42345315          3.90159265          2.39461052
         -5.51318531          3.41984930          3.91159265          2.40231849
         -5.50318531          3.41620121          3.92159265          2.41004007
         -5.49318531          3.41250899          3.93159265          2.41777414
         -5.48318531          3.40877275          3.94159265          2.42551963
         -5.47318531          3.40499262          3.95159265          2.43327549
         -5.46318531          3.40116870          3.96159265          2.44104069
         -5.45318531          3.39730111          3.97159265          2.44881425
         -5.44318531          3.39338999          3.98159265          2.45659519
         -5.43318531          3.38943544          3.99159265          2.46438255
         -5.42318531          3.38543760          4.00159265          2.47217543
         -5.41318531          3.38139658          4.01159265          2.47997291
         -5.40318531          3.37731252          4.02159265          2.48777412
         -5.39318531          3.37318554          4.03159265          2.49557820
         -5.38318531          3.36901577          4.04159265          2.50338430
         -5.37318531          3.36480334          4.05159265          2.51119162
         -5.36318531          3.36054839          4.06159265          2.51899936
         -5.35318531          3.35625105          4.07159265          2.52680672
         -5.34318531          3.35191146          4.08159265          2.53461295
         -5.33318531          3.34752975          4.09159265          2.54241730
         -5.32318531          3.34310607          4.10159265          2.55021904
         -5.31318531          3.33864055          4.11159265          2.55801746
         -5.30318531          3.33413334          4.12159265          2.56581185
         -5.29318531          3.32958458          4.13159265          2.57360155
         -5.28318531          3.32499441          4.14159265          2.58138586
         -5.27318531          3.32036300          4.15159265          2.58916416
         -5.26318531          3.31569048          4.16159265          2.59693578
         -5.25318531          3.31097700          4.17159265          2.60470010
         -5.24318531          3.30622272          4.18159265          2.61245651
         -5.23318531          3.30142779          4.19159265          2.62020440
         -5.22318531          3.29659238          4.20159265          2.62794319
         -5.21318531          3.29171662          4.21159265          2.63567229
         -5.20318531          3.28680070          4.22159265          2.64339113
         -5.19318531          3.28184476          4.23159265          2.65109916
         -5.18318531          3.27684896          4.24159265          2.65879582
         -5.17318531          3.27181349          4.25159265          2.66648059
         -5.16318531          3.26673849          4.26159265          2.67415293
         -5.15318531          3.26162414          4.27159265          2.68181233
         -5.14318531          3.25647061          4.28159265          2.68945828
         -5.13318531          3.25127807          4.29159265          2.69709027
         -5.12318531          3.24604669          4.30159265          2.70470782
         -5.11318531          3.24077666          4.31159265          2.71231045
         -5.10318531          3.23546814          4.32159265          2.71989768
         -5.09318531          3.23012131          4.33159265          2.72746904
         -5.08318531          3.22473636          4.34159265          2.73502409
         -5.07318531          3.21931347          4.35159265          2.74256235
         -5.06318531          3.21385282          4.36159265          2.75008340
         -5.05318531          3.20835460          4.37159265          2.75758679
         -5.04318531          3.20281901          4.38159265          2.76507211
         -5.03318531          3.19724622          4.39159265          2.77253891
         -5.02318531          3.19163643          4.40159265          2.77998679
         -5.01318531          3.18598984          4.41159265          2.78741534
         -5.00318531          3.18030664          4.42159265          2.79482415
         -4.99318531          3.17458704          4.43159265          2.80221283
         -4.98318531          3.16883122          4.44159265          2.80958098
         -4.97318531          3.16303941          4.45159265          2.81692822
         -4.96318531          3.15721179          4.46159265          2.82425417
         -4.95318531          3.15134857          4.47159265          2.83155845
         -4.94318531          3.14544997          4.48159265          2.83884069
         -4.93318531          3.13951620          4.49159265          2.84610053
         -4.92318531          3.13354747          4.50159265          2.85333760
         -4.91318531          3.12754399          4.51159265          2.86055156
         -4.90318531          3.12150599          4.52159265          2.86774206
         -4.89318531          3.11543367          4.53159265          2.87490874
         -4.88318531          3.10932728          4.54159265          2.88205127
         -4.87318531          3.10318702          4.55159265          2.88916931
         -4.86318531          3.09701313          4.56159265          2.89626253
         -4.85318531          3.09080584          4.57159265          2.90333061
         -4.84318531          3.08456537          4.58159265          2.91037321
         -4.83318531          3.07829197          4.59159265          2.91739002
         -4.82318531          3.07198586          4.60159265          2.92438072
         -4.81318531          3.06564730          4.61159265          2.93134501
         -4.80318531          3.05927651          4.62159265          2.93828257
         -4.79318531          3.05287375          4.63159265          2.94519310
         -4.78318531          3.04643927          4.64159265          2.95207631
         -4.77318531          3.03997330          4.65159265          2.95893188
         -4.76318531          3.03347611          4.66159265          2.96575954
         -4.75318531          3.02694794          4.67159265          2.97255899
         -4.74318531          3.02038907          4.68159265          2.97932994
         -4.73318531          3.01379974          4.69159265          2.98607212
         -4.72318531          3.00718023          4.70159265          2.99278524
         -4.71318531          3.00053079          4.71159265          2.99946902
         -4.70318531          2.99385170          4.72159265          3.00612320
         -4.69318531          2.98714324          4.73159265          3.01274750
         -4.68318531          2.98040567          4.74159265          3.01934165
         -4.67318531          2.97363928          4.75159265          3.02590539
         -4.66318531          2.96684435          4.76159265          3.03243846
         -4.65318531          2.96002117          4.77159265          3.03894061
         -4.64318531          2.95317002          4.78159265          3.04541156
         -4.63318531          2.94629120          4.79159265          3.05185108
         -4.62318531          2.93938500          4.80159265          3.05825891
         -4.61318531          2.93245172          4.81159265          3.06463481
         -4.60318531          2.92549167          4.82159265          3.07097852
         -4.59318531          2.91850515          4.83159265          3.07728981
         -4.58318531          2.91149248          4.84159265          3.08356844
         -4.57318531          2.90445396          4.85159265          3.08981416
         -4.56318531          2.89738992          4.86159265          3.09602675
         -4.55318531          2.89030069          4.87159265          3.10220598
         -4.54318531          2.88318658          4.88159265          3.10835161
         -4.53318531          2.87604792          4.89159265          3.11446341
         -4.52318531          2.86888507          4.90159265          3.12054117
         -4.51318531          2.86169834          4.91159265          3.12658465
         -4.50318531          2.85448809          4.92159265          3.13259364
         -4.49318531          2.84725467          4.93159265          3.13856792
         -4.48318531          2.83999844          4.94159265          3.14450728
         -4.47318531          2.83271974          4.95159265          3.15041149
         -4.46318531          2.82541895          4.96159265          3.15628036
         -4.45318531          2.81809642          4.97159265          3.16211366
         -4.44318531          2.81075255          4.98159265          3.16791119
         -4.43318531          2.80338770          4.99159265          3.17367276
         -4.42318531          2.79600227          5.00159265          3.17939814
         -4.41318531          2.78859664          5.01159265          3.18508715
         -4.40318531          2.78117121          5.02159265          3.19073958
         -4.39318531          2.77372638          5.03159265          3.19635525
         -4.38318531          2.76626256          5.04159265          3.20193394
         -4.37318531          2.75878017          5.05159265          3.20747547
         -4.36318531          2.75127962          5.06159265          3.21297966
         -4.35318531          2.74376136          5.07159265          3.21844630
         -4.34318531          2.73622580          5.08159265          3.22387522
         -4.33318531          2.72867341          5.09159265          3.22926622
         -4.32318531          2.72110461          5.10159265          3.23461913
         -4.31318531          2.71351988          5.11159265          3.23993377
         -4.30318531          2.70591967          5.12159265          3.24520994
         -4.29318531          2.69830446          5.13159265          3.25044749
         -4.28318531          2.69067474          5.14159265          3.25564623
         -4.27318531          2.68303098          5.15159265          3.26080598
         -4.26318531          2.67537369          5.16159265          3.26592658
         -4.25318531          2.66770337          5.17159265          3.27100786
         -4.24318531          2.66002055          5.18159265          3.27604964
         -4.23318531          2.65232574          5.19159265          3.28105176
         -4.22318531          2.64461949          5.20159265          3.28601406
         -4.21318531          2.63690233          5.21159265          3.29093637
         -4.20318531          2.62917483          5.22159265          3.29581853
         -4.19318531          2.62143755          5.23159265          3.30066039
         -4.18318531          2.61369107          5.24159265          3.30546177
         -4.17318531          2.60593597          5.25159265          3.31022253
         -4.16318531          2.59817287          5.26159265          3.31494252
         -4.15318531          2.59040237          5.27159265          3.31962157
         -4.14318531          2.58262510          5.28159265          3.32425955
         -4.13318531          2.57484169          5.29159265          3.32885629
         -4.12318531          2.56705281          5.30159265          3.33341165
         -4.11318531          2.55925912          5.31159265          3.33792549
         -4.10318531          2.55146130          5.32159265          3.34239766
         -4.09318531          2.54366004          5.33159265          3.34682802
         -4.08318531          2.53585605          5.34159265          3.35121642
         -4.07318531          2.52805007          5.35159265          3.35556273
         -4.06318531          2.52024284          5.36159265          3.35986681
         -4.05318531          2.51243512          5.37159265          3.36412852
         -4.04318531          2.50462768          5.38159265          3.36834773
         -4.03318531          2.49682133          5.39159265          3.37252430
         -4.02318531          2.48901687          5.40159265          3.37665810
         -4.01318531          2.48121515          5.41159265          3.38074901
         -4.00318531          2.47341701          5.42159265          3.38479689
         -3.99318531          2.46562334          5.43159265          3.38880162
         -3.98318531          2.45783504          5.44159265          3.39276307
         -3.97318531          2.45005301          5.45159265          3.39668112
         -3.96318531          2.44227822          5.46159265          3.40055565
         -3.95318531          2.43451162          5.47159265          3.40438653
         -3.94318531          2.42675420          5.48159265          3.40817364
         -3.93318531          2.41900699          5.49159265          3.41191688
         -3.92318531          2.41127103          5.50159265          3.41561612
         -3.91318531          2.40354739          5.51159265          3.41927125
         -3.90318531          2.39583717          5.52159265          3.42288215
         -3.89318531          2.38814151          5.53159265          3.42644872
         -3.88318531          2.38046157          5.54159265          3.42997084
         -3.87318531          2.37279853          5.55159265          3.43344840
         -3.86318531          2.36515362          5.56159265          3.43688131
         -3.85318531          2.35752811          5.57159265          3.44026945
         -3.84318531          2.34992329          5.58159265          3.44361272
         -3.83318531          2.34234048          5.59159265          3.44691102
         -3.82318531          2.33478107          5.60159265          3.45016424
         -3.81318531          2.32724645          5.61159265          3.45337229
         -3.80318531          2.31973807          5.62159265          3.45653507
         -3.79318531          2.31225743          5.63159265          3.45965249
         -3.78318531          2.30480604          5.64159265          3.46272444
         -3.77318531          2.29738550          5.65159265          3.46575084
         -3.76318531          2.28999742          5.66159265          3.46873159
         -3.75318531          2.28264347          5.67159265          3.47166660
         -3.74318531          2.27532537          5.68159265          3.47455579
         -3.73318531          2.26804487          5.69159265          3.47739907
         -3.72318531          2.26080382          5.70159265          3.48019634
         -3.71318531          2.25360406          5.71159265          3.48294753
         -3.70318531          2.24644753          5.72159265          3.48565256
         -3.69318531          2.23933621          5.73159265          3.48831133
         -3.68318531          2.23227214          5.74159265          3.49092378
         -3.67318531          2.22525742          5.75159265          3.49348982
         -3.66318531          2.21829420          5.76159265          3.49600938
         -3.65318531          2.21138470          5.77159265          3.49848238
         -3.64318531          2.20453121          5.78159265          3.50090874
         -3.63318531          2.19773606          5.79159265          3.50328839
         -3.62318531          2.19100167          5.80159265          3.50562127
         -3.61318531          2.18433052          5.81159265          3.50790730
         -3.60318531          2.17772516          5.82159265          3.51014642
         -3.59318531          2.17118818          5.83159265          3.51233855
         -3.58318531          2.16472228          5.84159265          3.51448363
         -3.57318531          2.15833021          5.85159265          3.51658160
         -3.56318531          2.15201478          5.86159265          3.51863239
         -3.55318531          2.14577889          5.87159265          3.52063595
         -3.54318531          2.13962549          5.88159265          3.52259221
         -3.53318531          2.13355761          5.89159265          3.52450111
         -3.52318531          2.12757835          5.90159265          3.52636261
         -3.51318531          2.12169086          5.91159265          3.52817664
         -3.50318531          2.11589839          5.92159265          3.52994315
         -3.49318531          2.11020422          5.93159265          3.53166208
         -3.48318531          2.10461171          5.94159265          3.53333339
         -3.47318531          2.09912427          5.95159265          3.53495703
         -3.46318531          2.09374537          5.96159265          3.53653295
         -3.45318531          2.08847853          5.97159265          3.53806109
         -3.44318531          2.08332732          5.98159265          3.53954143
         -3.43318531          2.07829536          5.99159265          3.54097390
         -3.42318531          2.07338629          6.00159265          3.54235848
         -3.41318531          2.06860379          6.01159265          3.54369512
         -3.40318531          2.06395157          6.02159265          3.54498377
         -3.39318531          2.05943335          6.03159265          3.54622441
         -3.38318531          2.05505285          6.04159265          3.54741699
         -3.37318531          2.05081381          6.05159265          3.54856148
         -3.36318531          2.04671995          6.06159265          3.54965785
         -3.35318531          2.04277496          6.07159265          3.55070606
         -3.34318531          2.03898252          6.08159265          3.55170608
         -3.33318531          2.03534624          6.09159265          3.55265789
         -3.32318531          2.03186970          6.10159265          3.55356145
         -3.31318531          2.02855640          6.11159265          3.55441674
         -3.30318531          2.02540976          6.12159265          3.55522373
         -3.29318531          2.02243311          6.13159265          3.55598240
         -3.28318531          2.01962968          6.14159265          3.55669273
         -3.27318531          2.01700256          6.15159265          3.55735470
         -3.26318531          2.01455473          6.16159265          3.55796828
         -3.25318531          2.01228898          6.17159265          3.55853346
         -3.24318531          2.01020799          6.18159265          3.55905022
         -3.23318531          2.00831422          6.19159265          3.55951855
         -3.22318531          2.00660998          6.20159265          3.55993843
         -3.21318531          2.00509734          6.21159265          3.56030985
         -3.20318531          2.00377818          6.22159265          3.56063280
         -3.19318531          2.00265417          6.23159265          3.56090727
         -3.18318531          2.00172672          6.24159265          3.56113326
         -3.17318531          2.00099702          6.25159265          3.56131074
         -3.16318531          2.00046601          6.26159265          3.56143973
         -3.15318531          2.00013437          6.27159265          3.56152022
         -3.14318531          2.00000254          6.28159265          3.56155220
