         -3.14159265          1.00000000          1.00000000
         -3.13159265          0.99000004          1.00999996
         -3.12159265          0.98000033          1.01999967
         -3.11159265          0.97000112          1.02999888
         -3.10159265          0.96000267          1.03999733
         -3.09159265          0.95000521          1.04999479
         -3.08159265          0.94000900          1.05999100
         -3.07159265          0.93001429          1.06998571
         -3.06159265          0.92002133          1.07997867
         -3.05159265          0.91003037          1.08996963
         -3.04159265          0.90004166          1.09995834
         -3.03159265          0.89005545          1.10994455
         -3.02159265          0.88007199          1.11992801
         -3.01159265          0.87009152          1.12990848
         -3.00159265          0.86011431          1.13988569
         -2.99159265          0.85014059          1.14985941
         -2.98159265          0.84017061          1.15982939
         -2.97159265          0.83020463          1.16979537
         -2.96159265          0.82024290          1.17975710
         -2.95159265          0.81028566          1.18971434
         -2.94159265          0.80033317          1.19966683
         -2.93159265          0.79038566          1.20961434
         -2.92159265          0.78044340          1.21955660
         -2.91159265          0.77050662          1.22949338
         -2.90159265          0.76057559          1.23942441
         -2.89159265          0.75065053          1.24934947
         -2.88159265          0.74073171          1.25926829
         -2.87159265          0.73081938          1.26918062
         -2.86159265          0.72091377          1.27908623
         -2.85159265          0.71101514          1.28898486
         -2.84159265          0.70112374          1.29887626
         -2.83159265          0.69123980          1.30876020
         -2.82159265          0.68136359          1.31863641
         -2.81159265          0.67149534          1.32850466
         -2.80159265          0.66163530          1.33836470
         -2.79159265          0.65178372          1.34821628
         -2.78159265          0.64194085          1.35805915
         -2.77159265          0.63210693          1.36789307
         -2.76159265          0.62228221          1.37771779
         -2.75159265          0.61246693          1.38753307
         -2.74159265          0.60266134          1.39733866
         -2.73159265          0.59286568          1.40713432
         -2.72159265          0.58308020          1.41691980
         -2.71159265          0.57330514          1.42669486
         -2.70159265          0.56354075          1.43645925
         -2.69159265          0.55378728          1.44621272
         -2.68159265          0.54404495          1.45595505
         -2.67159265          0.53431403          1.46568597
         -2.66159265          0.52459475          1.47540525
         -2.65159265          0.51488735          1.48511265
         -2.64159265          0.50519208          1.49480792
         -2.63159265          0.49550918          1.50449082
         -2.62159265          0.48583890          1.51416110
         -2.61159265          0.47618146          1.52381854
         -2.60159265          0.46653713          1.53346287
         -2.59159265          0.45690613          1.54309387
         -2.58159265          0.44728870          1.55271130
         -2.57159265          0.43768510          1.56231490
         -2.56159265          0.42809555          1.57190445
         -2.55159265          0.41852030          1.58147970
         -2.54159265          0.40895959          1.59104041
         -2.53159265          0.39941365          1.60058635
         -2.52159265          0.38988273          1.61011727
         -2.51159265          0.38036706          1.61963294
         -2.50159265          0.37086688          1.62913312
         -2.49159265          0.36138243          1.63861757
         -2.48159265          0.35191394          1.64808606
         -2.47159265          0.34246166          1.65753834
         -2.46159265          0.33302582          1.66697418
         -2.45159265          0.32360665          1.67639335
         -2.44159265          0.31420439          1.68579561
         -2.43159265          0.30481927          1.69518073
         -2.42159265          0.29545153          1.70454847
         -2.41159265          0.28610141          1.71389859
         -2.40159265          0.27676914          1.72323086
         -2.39159265          0.26745494          1.73254506
         -2.38159265          0.25815906          1.74184094
         -2.37159265          0.24888173          1.75111827
         -2.36159265          0.23962317          1.76037683
         -2.35159265          0.23038362          1.76961638
         -2.34159265          0.22116332          1.77883668
         -2.33159265          0.21196248          1.78803752
         -2.32159265          0.20278134          1.79721866
         -2.31159265          0.19362014          1.80637986
         -2.30159265          0.18447909          1.81552091
         -2.29159265          0.17535844          1.82464156
         -2.28159265          0.16625840          1.83374160
         -2.27159265          0.15717920          1.84282080
         -2.26159265          0.14812107          1.85187893
         -2.25159265          0.13908424          1.86091576
         -2.24159265          0.13006893          1.86993107
         -2.23159265          0.12107537          1.87892463
         -2.22159265          0.11210379          1.88789621
         -2.21159265          0.10315440          1.89684560
         -2.20159265          0.09422743          1.90577257
         -2.19159265          0.08532311          1.91467689
         -2.18159265          0.07644165          1.92355835
         -2.17159265          0.06758328          1.93241672
         -2.16159265          0.05874822          1.94125178
         -2.15159265          0.04993670          1.95006330
         -2.14159265          0.04114892          1.95885108
         -2.13159265          0.03238512          1.96761488
         -2.12159265          0.02364551          1.97635449
         -2.11159265          0.01493030          1.98506970
         -2.10159265          0.00623972          1.99376028
         -2.09159265         -0.00242601          2.00242601
         -2.08159265         -0.01106668          2.01106668
         -2.07159265         -0.01968208          2.01968208
         -2.06159265         -0.02827198          2.02827198
         -2.05159265         -0.03683618          2.03683618
         -2.04159265         -0.04537446          2.04537446
         -2.03159265         -0.05388660          2.05388660
         -2.02159265         -0.06237240          2.06237240
         -2.01159265         -0.07083163          2.07083163
         -2.00159265         -0.07926410          2.07926410
         -1.99159265         -0.08766958          2.08766958
         -1.98159265         -0.09604787          2.09604787
         -1.97159265         -0.10439876          2.10439876
         -1.96159265         -0.11272205          2.11272205
         -1.95159265         -0.12101751          2.12101751
         -1.94159265         -0.12928495          2.12928495
         -1.93159265         -0.13752415          2.13752415
         -1.92159265         -0.14573492          2.14573492
         -1.91159265         -0.15391704          2.15391704
         -1.90159265         -0.16207032          2.16207032
         -1.89159265         -0.17019455          2.17019455
         -1.88159265         -0.17828952          2.17828952
         -1.87159265         -0.18635503          2.18635503
         -1.86159265         -0.19439088          2.19439088
         -1.85159265         -0.20239688          2.20239688
         -1.84159265         -0.21037281          2.21037281
         -1.83159265         -0.21831849          2.21831849
         -1.82159265         -0.22623370          2.22623370
         -1.81159265         -0.23411827          2.23411827
         -1.80159265         -0.24197197          2.24197197
         -1.79159265         -0.24979463          2.24979463
         -1.78159265         -0.25758605          2.25758605
         -1.77159265         -0.26534602          2.26534602
         -1.76159265         -0.27307436          2.27307436
         -1.75159265         -0.28077088          2.28077088
         -1.74159265         -0.28843537          2.28843537
         -1.73159265         -0.29606766          2.29606766
         -1.72159265         -0.30366754          2.30366754
         -1.71159265         -0.31123483          2.31123483
         -1.70159265         -0.31876934          2.31876934
         -1.69159265         -0.32627089          2.32627089
         -1.68159265         -0.33373927          2.33373927
         -1.67159265         -0.34117431          2.34117431
         -1.66159265         -0.34857582          2.34857582
         -1.65159265         -0.35594362          2.35594362
         -1.64159265         -0.36327752          2.36327752
         -1.63159265         -0.37057734          2.37057734
         -1.62159265         -0.37784289          2.37784289
         -1.61159265         -0.38507400          2.38507400
         -1.60159265         -0.39227048          2.39227048
         -1.59159265         -0.39943215          2.39943215
         -1.58159265         -0.40655884          2.40655884
         -1.57159265         -0.41365036          2.41365036
         -1.56159265         -0.42070654          2.42070654
         -1.55159265         -0.42772721          2.42772721
         -1.54159265         -0.43471218          2.43471218
         -1.53159265         -0.44166129          2.44166129
         -1.52159265         -0.44857435          2.44857435
         -1.51159265         -0.45545120          2.45545120
         -1.50159265         -0.46229166          2.46229166
         -1.49159265         -0.46909556          2.46909556
         -1.48159265         -0.47586274          2.47586274
         -1.47159265         -0.48259302          2.48259302
         -1.46159265         -0.48928624          2.48928624
         -1.45159265         -0.49594222          2.49594222
         -1.44159265         -0.50256081          2.50256081
         -1.43159265         -0.50914183          2.50914183
         -1.42159265         -0.51568513          2.51568513
         -1.41159265         -0.52219053          2.52219053
         -1.40159265         -0.52865787          2.52865787
         -1.39159265         -0.53508700          2.53508700
         -1.38159265         -0.54147776          2.54147776
         -1.37159265         -0.54782997          2.54782997
         -1.36159265         -0.55414350          2.55414350
         -1.35159265         -0.56041816          2.56041816
         -1.34159265         -0.56665382          2.56665382
         -1.33159265         -0.57285031          2.57285031
         -1.32159265         -0.57900748          2.57900748
         -1.31159265         -0.58512517          2.58512517
         -1.30159265         -0.59120324          2.59120324
         -1.29159265         -0.59724153          2.59724153
         -1.28159265         -0.60323988          2.60323988
         -1.27159265         -0.60919816          2.60919816
         -1.26159265         -0.61511620          2.61511620
         -1.25159265         -0.62099387          2.62099387
         -1.24159265         -0.62683101          2.62683101
         -1.23159265         -0.63262748          2.63262748
         -1.22159265         -0.63838314          2.63838314
         -1.21159265         -0.64409783          2.64409783
         -1.20159265         -0.64977143          2.64977143
         -1.19159265         -0.65540378          2.65540378
         -1.18159265         -0.66099474          2.66099474
         -1.17159265         -0.66654418          2.66654418
         -1.16159265         -0.67205196          2.67205196
         -1.15159265         -0.67751793          2.67751793
         -1.14159265         -0.68294197          2.68294197
         -1.13159265         -0.68832393          2.68832393
         -1.12159265         -0.69366369          2.69366369
         -1.11159265         -0.69896110          2.69896110
         -1.10159265         -0.70421604          2.70421604
         -1.09159265         -0.70942838          2.70942838
         -1.08159265         -0.71459798          2.71459798
         -1.07159265         -0.71972471          2.71972471
         -1.06159265         -0.72480845          2.72480845
         -1.05159265         -0.72984908          2.72984908
         -1.04159265         -0.73484645          2.73484645
         -1.03159265         -0.73980046          2.73980046
         -1.02159265         -0.74471096          2.74471096
         -1.01159265         -0.74957786          2.74957786
         -1.00159265         -0.75440101          2.75440101
         -0.99159265         -0.75918030          2.75918030
         -0.98159265         -0.76391561          2.76391561
         -0.97159265         -0.76860683          2.76860683
         -0.96159265         -0.77325383          2.77325383
         -0.95159265         -0.77785650          2.77785650
         -0.94159265         -0.78241472          2.78241472
         -0.93159265         -0.78692838          2.78692838
         -0.92159265         -0.79139737          2.79139737
         -0.91159265         -0.79582158          2.79582158
         -0.90159265         -0.80020088          2.80020088
         -0.89159265         -0.80453519          2.80453519
         -0.88159265         -0.80882438          2.80882438
         -0.87159265         -0.81306835          2.81306835
         -0.86159265         -0.81726699          2.81726699
         -0.85159265         -0.82142020          2.82142020
         -0.84159265         -0.82552788          2.82552788
         -0.83159265         -0.82958992          2.82958992
         -0.82159265         -0.83360622          2.83360622
         -0.81159265         -0.83757668          2.83757668
         -0.80159265         -0.84150120          2.84150120
         -0.79159265         -0.84537968          2.84537968
         -0.78159265         -0.84921202          2.84921202
         -0.77159265         -0.85299814          2.85299814
         -0.76159265         -0.85673793          2.85673793
         -0.75159265         -0.86043131          2.86043131
         -0.74159265         -0.86407817          2.86407817
         -0.73159265         -0.86767843          2.86767843
         -0.72159265         -0.87123200          2.87123200
         -0.71159265         -0.87473879          2.87473879
         -0.70159265         -0.87819871          2.87819871
         -0.69159265         -0.88161168          2.88161168
         -0.68159265         -0.88497760          2.88497760
         -0.67159265         -0.88829641          2.88829641
         -0.66159265         -0.89156800          2.89156800
         -0.65159265         -0.89479230          2.89479230
         -0.64159265         -0.89796924          2.89796924
         -0.63159265         -0.90109872          2.90109872
         -0.62159265         -0.90418068          2.90418068
         -0.61159265         -0.90721504          2.90721504
         -0.60159265         -0.91020171          2.91020171
         -0.59159265         -0.91314063          2.91314063
         -0.58159265         -0.91603172          2.91603172
         -0.57159265         -0.91887491          2.91887491
         -0.56159265         -0.92167013          2.92167013
         -0.55159265         -0.92441730          2.92441730
         -0.54159265         -0.92711637          2.92711637
         -0.53159265         -0.92976726          2.92976726
         -0.52159265         -0.93236990          2.93236990
         -0.51159265         -0.93492424          2.93492424
         -0.50159265         -0.93743020          2.93743020
         -0.49159265         -0.93988773          2.93988773
         -0.48159265         -0.94229676          2.94229676
         -0.47159265         -0.94465723          2.94465723
         -0.46159265         -0.94696908          2.94696908
         -0.45159265         -0.94923226          2.94923226
         -0.44159265         -0.95144672          2.95144672
         -0.43159265         -0.95361238          2.95361238
         -0.42159265         -0.95572920          2.95572920
         -0.41159265         -0.95779714          2.95779714
         -0.40159265         -0.95981612          2.95981612
         -0.39159265         -0.96178611          2.96178611
         -0.38159265         -0.96370706          2.96370706
         -0.37159265         -0.96557891          2.96557891
         -0.36159265         -0.96740163          2.96740163
         -0.35159265         -0.96917516          2.96917516
         -0.34159265         -0.97089946          2.97089946
         -0.33159265         -0.97257449          2.97257449
         -0.32159265         -0.97420020          2.97420020
         -0.31159265         -0.97577656          2.97577656
         -0.30159265         -0.97730353          2.97730353
         -0.29159265         -0.97878106          2.97878106
         -0.28159265         -0.98020912          2.98020912
         -0.27159265         -0.98158768          2.98158768
         -0.26159265         -0.98291670          2.98291670
         -0.25159265         -0.98419614          2.98419614
         -0.24159265         -0.98542598          2.98542598
         -0.23159265         -0.98660619          2.98660619
         -0.22159265         -0.98773673          2.98773673
         -0.21159265         -0.98881757          2.98881757
         -0.20159265         -0.98984870          2.98984870
         -0.19159265         -0.99083008          2.99083008
         -0.18159265         -0.99176169          2.99176169
         -0.17159265         -0.99264350          2.99264350
         -0.16159265         -0.99347550          2.99347550
         -0.15159265         -0.99425767          2.99425767
         -0.14159265         -0.99498997          2.99498997
         -0.13159265         -0.99567240          2.99567240
         -0.12159265         -0.99630494          2.99630494
         -0.11159265         -0.99688758          2.99688758
         -0.10159265         -0.99742029          2.99742029
         -0.09159265         -0.99790306          2.99790306
         -0.08159265         -0.99833589          2.99833589
         -0.07159265         -0.99871876          2.99871876
         -0.06159265         -0.99905166          2.99905166
         -0.05159265         -0.99933459          2.99933459
         -0.04159265         -0.99956753          2.99956753
         -0.03159265         -0.99975048          2.99975048
         -0.02159265         -0.99988344          2.99988344
         -0.01159265         -0.99996640          2.99996640
         -0.00159265         -0.99999937          2.99999937
          0.00840735         -0.99998233          2.99998233
          0.01840735         -0.99991529          2.99991529
          0.02840735         -0.99979826          2.99979826
          0.03840735         -0.99963123          2.99963123
          0.04840735         -0.99941421          2.99941421
          0.05840735         -0.99914721          2.99914721
          0.06840735         -0.99883022          2.99883022
          0.07840735         -0.99846327          2.99846327
          0.08840735         -0.99804635          2.99804635
          0.09840735         -0.99757949          2.99757949
          0.10840735         -0.99706268          2.99706268
          0.11840735         -0.99649595          2.99649595
          0.12840735         -0.99587930          2.99587930
          0.13840735         -0.99521276          2.99521276
          0.14840735         -0.99449634          2.99449634
          0.15840735         -0.99373006          2.99373006
          0.16840735         -0.99291393          2.99291393
          0.17840735         -0.99204798          2.99204798
          0.18840735         -0.99113223          2.99113223
          0.19840735         -0.99016670          2.99016670
          0.20840735         -0.98915142          2.98915142
          0.21840735         -0.98808640          2.98808640
          0.22840735         -0.98697169          2.98697169
          0.23840735         -0.98580730          2.98580730
          0.24840735         -0.98459327          2.98459327
          0.25840735         -0.98332962          2.98332962
          0.26840735         -0.98201639          2.98201639
          0.27840735         -0.98065361          2.98065361
          0.28840735         -0.97924131          2.97924131
          0.29840735         -0.97777953          2.97777953
          0.30840735         -0.97626831          2.97626831
          0.31840735         -0.97470768          2.97470768
          0.32840735         -0.97309768          2.97309768
          0.33840735         -0.97143836          2.97143836
          0.34840735         -0.96972975          2.96972975
          0.35840735         -0.96797189          2.96797189
          0.36840735         -0.96616484          2.96616484
          0.37840735         -0.96430863          2.96430863
          0.38840735         -0.96240332          2.96240332
          0.39840735         -0.96044895          2.96044895
          0.40840735         -0.95844556          2.95844556
          0.41840735         -0.95639321          2.95639321
          0.42840735         -0.95429196          2.95429196
          0.43840735         -0.95214184          2.95214184
          0.44840735         -0.94994293          2.94994293
          0.45840735         -0.94769526          2.94769526
          0.46840735         -0.94539890          2.94539890
          0.47840735         -0.94305391          2.94305391
          0.48840735         -0.94066034          2.94066034
          0.49840735         -0.93821826          2.93821826
          0.50840735         -0.93572772          2.93572772
          0.51840735         -0.93318878          2.93318878
          0.52840735         -0.93060152          2.93060152
          0.53840735         -0.92796599          2.92796599
          0.54840735         -0.92528227          2.92528227
          0.55840735         -0.92255041          2.92255041
          0.56840735         -0.91977048          2.91977048
          0.57840735         -0.91694257          2.91694257
          0.58840735         -0.91406673          2.91406673
          0.59840735         -0.91114303          2.91114303
          0.60840735         -0.90817156          2.90817156
          0.61840735         -0.90515239          2.90515239
          0.62840735         -0.90208559          2.90208559
          0.63840735         -0.89897123          2.89897123
          0.64840735         -0.89580940          2.89580940
          0.65840735         -0.89260018          2.89260018
          0.66840735         -0.88934364          2.88934364
          0.67840735         -0.88603986          2.88603986
          0.68840735         -0.88268894          2.88268894
          0.69840735         -0.87929095          2.87929095
          0.70840735         -0.87584597          2.87584597
          0.71840735         -0.87235410          2.87235410
          0.72840735         -0.86881543          2.86881543
          0.73840735         -0.86523003          2.86523003
          0.74840735         -0.86159800          2.86159800
          0.75840735         -0.85791943          2.85791943
          0.76840735         -0.85419441          2.85419441
          0.77840735         -0.85042304          2.85042304
          0.78840735         -0.84660541          2.84660541
          0.79840735         -0.84274161          2.84274161
          0.80840735         -0.83883175          2.83883175
          0.81840735         -0.83487591          2.83487591
          0.82840735         -0.83087420          2.83087420
          0.83840735         -0.82682672          2.82682672
          0.84840735         -0.82273357          2.82273357
          0.85840735         -0.81859485          2.81859485
          0.86840735         -0.81441067          2.81441067
          0.87840735         -0.81018113          2.81018113
          0.88840735         -0.80590633          2.80590633
          0.89840735         -0.80158638          2.80158638
          0.90840735         -0.79722140          2.79722140
          0.91840735         -0.79281148          2.79281148
          0.92840735         -0.78835675          2.78835675
          0.93840735         -0.78385730          2.78385730
          0.94840735         -0.77931326          2.77931326
          0.95840735         -0.77472474          2.77472474
          0.96840735         -0.77009185          2.77009185
          0.97840735         -0.76541470          2.76541470
          0.98840735         -0.76069342          2.76069342
          0.99840735         -0.75592813          2.75592813
          1.00840735         -0.75111893          2.75111893
          1.01840735         -0.74626596          2.74626596
          1.02840735         -0.74136933          2.74136933
          1.03840735         -0.73642917          2.73642917
          1.04840735         -0.73144559          2.73144559
          1.05840735         -0.72641873          2.72641873
          1.06840735         -0.72134871          2.72134871
          1.07840735         -0.71623566          2.71623566
          1.08840735         -0.71107970          2.71107970
          1.09840735         -0.70588096          2.70588096
          1.10840735         -0.70063958          2.70063958
          1.11840735         -0.69535568          2.69535568
          1.12840735         -0.69002940          2.69002940
          1.13840735         -0.68466086          2.68466086
          1.14840735         -0.67925021          2.67925021
          1.15840735         -0.67379758          2.67379758
          1.16840735         -0.66830311          2.66830311
          1.17840735         -0.66276692          2.66276692
          1.18840735         -0.65718917          2.65718917
          1.19840735         -0.65156999          2.65156999
          1.20840735         -0.64590951          2.64590951
          1.21840735         -0.64020790          2.64020790
          1.22840735         -0.63446527          2.63446527
          1.23840735         -0.62868178          2.62868178
          1.24840735         -0.62285758          2.62285758
          1.25840735         -0.61699281          2.61699281
          1.26840735         -0.61108761          2.61108761
          1.27840735         -0.60514213          2.60514213
          1.28840735         -0.59915653          2.59915653
          1.29840735         -0.59313094          2.59313094
          1.30840735         -0.58706553          2.58706553
          1.31840735         -0.58096044          2.58096044
          1.32840735         -0.57481583          2.57481583
          1.33840735         -0.56863185          2.56863185
          1.34840735         -0.56240865          2.56240865
          1.35840735         -0.55614639          2.55614639
          1.36840735         -0.54984523          2.54984523
          1.37840735         -0.54350532          2.54350532
          1.38840735         -0.53712683          2.53712683
          1.39840735         -0.53070991          2.53070991
          1.40840735         -0.52425471          2.52425471
          1.41840735         -0.51776142          2.51776142
          1.42840735         -0.51123017          2.51123017
          1.43840735         -0.50466115          2.50466115
          1.44840735         -0.49805451          2.49805451
          1.45840735         -0.49141042          2.49141042
          1.46840735         -0.48472905          2.48472905
          1.47840735         -0.47801056          2.47801056
          1.48840735         -0.47125511          2.47125511
          1.49840735         -0.46446289          2.46446289
          1.50840735         -0.45763405          2.45763405
          1.51840735         -0.45076877          2.45076877
          1.52840735         -0.44386723          2.44386723
          1.53840735         -0.43692959          2.43692959
          1.54840735         -0.42995602          2.42995602
          1.55840735         -0.42294671          2.42294671
          1.56840735         -0.41590182          2.41590182
          1.57840735         -0.40882153          2.40882153
          1.58840735         -0.40170603          2.40170603
          1.59840735         -0.39455548          2.39455548
          1.60840735         -0.38737006          2.38737006
          1.61840735         -0.38014997          2.38014997
          1.62840735         -0.37289537          2.37289537
          1.63840735         -0.36560644          2.36560644
          1.64840735         -0.35828338          2.35828338
          1.65840735         -0.35092636          2.35092636
          1.66840735         -0.34353557          2.34353557
          1.67840735         -0.33611119          2.33611119
          1.68840735         -0.32865340          2.32865340
          1.69840735         -0.32116240          2.32116240
          1.70840735         -0.31363837          2.31363837
          1.71840735         -0.30608150          2.30608150
          1.72840735         -0.29849198          2.29849198
          1.73840735         -0.29087000          2.29087000
          1.74840735         -0.28321574          2.28321574
          1.75840735         -0.27552940          2.27552940
          1.76840735         -0.26781118          2.26781118
          1.77840735         -0.26006126          2.26006126
          1.78840735         -0.25227984          2.25227984
          1.79840735         -0.24446711          2.24446711
          1.80840735         -0.23662327          2.23662327
          1.81840735         -0.22874852          2.22874852
          1.82840735         -0.22084304          2.22084304
          1.83840735         -0.21290705          2.21290705
          1.84840735         -0.20494073          2.20494073
          1.85840735         -0.19694429          2.19694429
          1.86840735         -0.18891792          2.18891792
          1.87840735         -0.18086184          2.18086184
          1.88840735         -0.17277623          2.17277623
          1.89840735         -0.16466130          2.16466130
          1.90840735         -0.15651725          2.15651725
          1.91840735         -0.14834430          2.14834430
          1.92840735         -0.14014263          2.14014263
          1.93840735         -0.13191246          2.13191246
          1.94840735         -0.12365399          2.12365399
          1.95840735         -0.11536743          2.11536743
          1.96840735         -0.10705299          2.10705299
          1.97840735         -0.09871087          2.09871087
          1.98840735         -0.09034129          2.09034129
          1.99840735         -0.08194444          2.08194444
          2.00840735         -0.07352055          2.07352055
          2.01840735         -0.06506982          2.06506982
          2.02840735         -0.05659246          2.05659246
          2.03840735         -0.04808868          2.04808868
          2.04840735         -0.03955871          2.03955871
          2.05840735         -0.03100274          2.03100274
          2.06840735         -0.02242100          2.02242100
          2.07840735         -0.01381370          2.01381370
          2.08840735         -0.00518106          2.00518106
          2.09840735          0.00347672          1.99652328
          2.10840735          0.01215940          1.98784060
          2.11840735          0.02086679          1.97913321
          2.12840735          0.02959865          1.97040135
          2.13840735          0.03835477          1.96164523
          2.14840735          0.04713493          1.95286507
          2.15840735          0.05593892          1.94406108
          2.16840735          0.06476650          1.93523350
          2.17840735          0.07361747          1.92638253
          2.18840735          0.08249160          1.91750840
          2.19840735          0.09138866          1.90861134
          2.20840735          0.10030844          1.89969156
          2.21840735          0.10925071          1.89074929
          2.22840735          0.11821525          1.88178475
          2.23840735          0.12720184          1.87279816
          2.24840735          0.13621024          1.86378976
          2.25840735          0.14524024          1.85475976
          2.26840735          0.15429161          1.84570839
          2.27840735          0.16336412          1.83663588
          2.28840735          0.17245755          1.82754245
          2.29840735          0.18157166          1.81842834
          2.30840735          0.19070624          1.80929376
          2.31840735          0.19986104          1.80013896
          2.32840735          0.20903586          1.79096414
          2.33840735          0.21823044          1.78176956
          2.34840735          0.22744457          1.77255543
          2.35840735          0.23667802          1.76332198
          2.36840735          0.24593054          1.75406946
          2.37840735          0.25520192          1.74479808
          2.38840735          0.26449192          1.73550808
          2.39840735          0.27380031          1.72619969
          2.40840735          0.28312685          1.71687315
          2.41840735          0.29247131          1.70752869
          2.42840735          0.30183346          1.69816654
          2.43840735          0.31121307          1.68878693
          2.44840735          0.32060989          1.67939011
          2.45840735          0.33002370          1.66997630
          2.46840735          0.33945426          1.66054574
          2.47840735          0.34890133          1.65109867
          2.48840735          0.35836468          1.64163532
          2.49840735          0.36784407          1.63215593
          2.50840735          0.37733927          1.62266073
          2.51840735          0.38685003          1.61314997
          2.52840735          0.39637612          1.60362388
          2.53840735          0.40591730          1.59408270
          2.54840735          0.41547333          1.58452667
          2.55840735          0.42504398          1.57495602
          2.56840735          0.43462899          1.56537101
          2.57840735          0.44422815          1.55577185
          2.58840735          0.45384120          1.54615880
          2.59840735          0.46346790          1.53653210
          2.60840735          0.47310801          1.52689199
          2.61840735          0.48276130          1.51723870
          2.62840735          0.49242752          1.50757248
          2.63840735          0.50210643          1.49789357
          2.64840735          0.51179778          1.48820222
          2.65840735          0.52150134          1.47849866
          2.66840735          0.53121686          1.46878314
          2.67840735          0.54094411          1.45905589
          2.68840735          0.55068282          1.44931718
          2.69840735          0.56043278          1.43956722
          2.70840735          0.57019372          1.42980628
          2.71840735          0.57996540          1.42003460
          2.72840735          0.58974759          1.41025241
          2.73840735          0.59954003          1.40045997
          2.74840735          0.60934248          1.39065752
          2.75840735          0.61915471          1.38084529
          2.76840735          0.62897645          1.37102355
          2.77840735          0.63880746          1.36119254
          2.78840735          0.64864751          1.35135249
          2.79840735          0.65849634          1.34150366
          2.80840735          0.66835371          1.33164629
          2.81840735          0.67821937          1.32178063
          2.82840735          0.68809307          1.31190693
          2.83840735          0.69797458          1.30202542
          2.84840735          0.70786363          1.29213637
          2.85840735          0.71775998          1.28224002
          2.86840735          0.72766340          1.27233660
          2.87840735          0.73757362          1.26242638
          2.88840735          0.74749040          1.25250960
          2.89840735          0.75741349          1.24258651
          2.90840735          0.76734265          1.23265735
          2.91840735          0.77727762          1.22272238
          2.92840735          0.78721817          1.21278183
          2.93840735          0.79716403          1.20283597
          2.94840735          0.80711496          1.19288504
          2.95840735          0.81707072          1.18292928
          2.96840735          0.82703104          1.17296896
          2.97840735          0.83699570          1.16300430
          2.98840735          0.84696442          1.15303558
          2.99840735          0.85693698          1.14306302
          3.00840735          0.86691311          1.13308689
          3.01840735          0.87689257          1.12310743
          3.02840735          0.88687510          1.11312490
          3.03840735          0.89686046          1.10313954
          3.04840735          0.90684840          1.09315160
          3.05840735          0.91683868          1.08316132
          3.06840735          0.92683102          1.07316898
          3.07840735          0.93682520          1.06317480
          3.08840735          0.94682096          1.05317904
          3.09840735          0.95681805          1.04318195
          3.10840735          0.96681622          1.03318378
          3.11840735          0.97681521          1.02318479
          3.12840735          0.98681479          1.01318521
          3.13840735          0.99681469          1.00318531
