         -3.14159265          1.00000000          2.00000000
         -3.13159265          0.99990001          2.00009999
         -3.12159265          0.99960017          2.00039983
         -3.11159265          0.99910088          2.00089912
         -3.10159265          0.99840276          2.00159724
         -3.09159265          0.99750674          2.00249326
         -3.08159265          0.99641394          2.00358606
         -3.07159265          0.99512576          2.00487424
         -3.06159265          0.99364381          2.00635619
         -3.05159265          0.99196995          2.00803005
         -3.04159265          0.99010622          2.00989378
         -3.03159265          0.98805488          2.01194512
         -3.02159265          0.98581839          2.01418161
         -3.01159265          0.98339937          2.01660063
         -3.00159265          0.98080061          2.01919939
         -2.99159265          0.97802505          2.02197495
         -2.98159265          0.97507578          2.02492422
         -2.97159265          0.97195600          2.02804400
         -2.96159265          0.96866902          2.03133098
         -2.95159265          0.96521824          2.03478176
         -2.94159265          0.96160717          2.03839283
         -2.93159265          0.95783935          2.04216065
         -2.92159265          0.95391841          2.04608159
         -2.91159265          0.94984801          2.05015199
         -2.90159265          0.94563185          2.05436815
         -2.89159265          0.94127363          2.05872637
         -2.88159265          0.93677709          2.06322291
         -2.87159265          0.93214596          2.06785404
         -2.86159265          0.92738397          2.07261603
         -2.85159265          0.92249481          2.07750519
         -2.84159265          0.91748217          2.08251783
         -2.83159265          0.91234971          2.08765029
         -2.82159265          0.90710105          2.09289895
         -2.81159265          0.90173976          2.09826024
         -2.80159265          0.89626937          2.10373063
         -2.79159265          0.89069337          2.10930663
         -2.78159265          0.88501516          2.11498484
         -2.77159265          0.87923812          2.12076188
         -2.76159265          0.87336555          2.12663445
         -2.75159265          0.86740070          2.13259930
         -2.74159265          0.86134672          2.13865328
         -2.73159265          0.85520674          2.14479326
         -2.72159265          0.84898378          2.15101622
         -2.71159265          0.84268082          2.15731918
         -2.70159265          0.83630077          2.16369923
         -2.69159265          0.82984644          2.17015356
         -2.68159265          0.82332060          2.17667940
         -2.67159265          0.81672595          2.18327405
         -2.66159265          0.81006511          2.18993489
         -2.65159265          0.80334063          2.19665937
         -2.64159265          0.79655499          2.20344501
         -2.63159265          0.78971063          2.21028937
         -2.62159265          0.78280990          2.21719010
         -2.61159265          0.77585508          2.22414492
         -2.60159265          0.76884842          2.23115158
         -2.59159265          0.76179206          2.23820794
         -2.58159265          0.75468813          2.24531187
         -2.57159265          0.74753867          2.25246133
         -2.56159265          0.74034567          2.25965433
         -2.55159265          0.73311106          2.26688894
         -2.54159265          0.72583673          2.27416327
         -2.53159265          0.71852450          2.28147550
         -2.52159265          0.71117614          2.28882386
         -2.51159265          0.70379338          2.29620662
         -2.50159265          0.69637790          2.30362210
         -2.49159265          0.68893132          2.31106868
         -2.48159265          0.68145523          2.31854477
         -2.47159265          0.67395117          2.32604883
         -2.46159265          0.66642063          2.33357937
         -2.45159265          0.65886507          2.34113493
         -2.44159265          0.65128590          2.34871410
         -2.43159265          0.64368449          2.35631551
         -2.42159265          0.63606219          2.36393781
         -2.41159265          0.62842029          2.37157971
         -2.40159265          0.62076005          2.37923995
         -2.39159265          0.61308272          2.38691728
         -2.38159265          0.60538948          2.39461052
         -2.37159265          0.59768151          2.40231849
         -2.36159265          0.58995993          2.41004007
         -2.35159265          0.58222586          2.41777414
         -2.34159265          0.57448037          2.42551963
         -2.33159265          0.56672451          2.43327549
         -2.32159265          0.55895931          2.44104069
         -2.31159265          0.55118575          2.44881425
         -2.30159265          0.54340481          2.45659519
         -2.29159265          0.53561745          2.46438255
         -2.28159265          0.52782457          2.47217543
         -2.27159265          0.52002709          2.47997291
         -2.26159265          0.51222588          2.48777412
         -2.25159265          0.50442180          2.49557820
         -2.24159265          0.49661570          2.50338430
         -2.23159265          0.48880838          2.51119162
         -2.22159265          0.48100064          2.51899936
         -2.21159265          0.47319328          2.52680672
         -2.20159265          0.46538705          2.53461295
         -2.19159265          0.45758270          2.54241730
         -2.18159265          0.44978096          2.55021904
         -2.17159265          0.44198254          2.55801746
         -2.16159265          0.43418815          2.56581185
         -2.15159265          0.42639845          2.57360155
         -2.14159265          0.41861414          2.58138586
         -2.13159265          0.41083584          2.58916416
         -2.12159265          0.40306422          2.59693578
         -2.11159265          0.39529990          2.60470010
         -2.10159265          0.38754349          2.61245651
         -2.09159265          0.37979560          2.62020440
         -2.08159265          0.37205681          2.62794319
         -2.07159265          0.36432771          2.63567229
         -2.06159265          0.35660887          2.64339113
         -2.05159265          0.34890084          2.65109916
         -2.04159265          0.34120418          2.65879582
         -2.03159265          0.33351941          2.66648059
         -2.02159265          0.32584707          2.67415293
         -2.01159265          0.31818767          2.68181233
         -2.00159265          0.31054172          2.68945828
         -1.99159265          0.30290973          2.69709027
         -1.98159265          0.29529218          2.70470782
         -1.97159265          0.28768955          2.71231045
         -1.96159265          0.28010232          2.71989768
         -1.95159265          0.27253096          2.72746904
         -1.94159265          0.26497591          2.73502409
         -1.93159265          0.25743765          2.74256235
         -1.92159265          0.24991660          2.75008340
         -1.91159265          0.24241321          2.75758679
         -1.90159265          0.23492789          2.76507211
         -1.89159265          0.22746109          2.77253891
         -1.88159265          0.22001321          2.77998679
         -1.87159265          0.21258466          2.78741534
         -1.86159265          0.20517585          2.79482415
         -1.85159265          0.19778717          2.80221283
         -1.84159265          0.19041902          2.80958098
         -1.83159265          0.18307178          2.81692822
         -1.82159265          0.17574583          2.82425417
         -1.81159265          0.16844155          2.83155845
         -1.80159265          0.16115931          2.83884069
         -1.79159265          0.15389947          2.84610053
         -1.78159265          0.14666240          2.85333760
         -1.77159265          0.13944844          2.86055156
         -1.76159265          0.13225794          2.86774206
         -1.75159265          0.12509126          2.87490874
         -1.74159265          0.11794873          2.88205127
         -1.73159265          0.11083069          2.88916931
         -1.72159265          0.10373747          2.89626253
         -1.71159265          0.09666939          2.90333061
         -1.70159265          0.08962679          2.91037321
         -1.69159265          0.08260998          2.91739002
         -1.68159265          0.07561928          2.92438072
         -1.67159265          0.06865499          2.93134501
         -1.66159265          0.06171743          2.93828257
         -1.65159265          0.05480690          2.94519310
         -1.64159265          0.04792369          2.95207631
         -1.63159265          0.04106812          2.95893188
         -1.62159265          0.03424046          2.96575954
         -1.61159265          0.02744101          2.97255899
         -1.60159265          0.02067006          2.97932994
         -1.59159265          0.01392788          2.98607212
         -1.58159265          0.00721476          2.99278524
         -1.57159265          0.00053098          2.99946902
         -1.56159265         -0.00612320          3.00612320
         -1.55159265         -0.01274750          3.01274750
         -1.54159265         -0.01934165          3.01934165
         -1.53159265         -0.02590539          3.02590539
         -1.52159265         -0.03243846          3.03243846
         -1.51159265         -0.03894061          3.03894061
         -1.50159265         -0.04541156          3.04541156
         -1.49159265         -0.05185108          3.05185108
         -1.48159265         -0.05825891          3.05825891
         -1.47159265         -0.06463481          3.06463481
         -1.46159265         -0.07097852          3.07097852
         -1.45159265         -0.07728981          3.07728981
         -1.44159265         -0.08356844          3.08356844
         -1.43159265         -0.08981416          3.08981416
         -1.42159265         -0.09602675          3.09602675
         -1.41159265         -0.10220598          3.10220598
         -1.40159265         -0.10835161          3.10835161
         -1.39159265         -0.11446341          3.11446341
         -1.38159265         -0.12054117          3.12054117
         -1.37159265         -0.12658465          3.12658465
         -1.36159265         -0.13259364          3.13259364
         -1.35159265         -0.13856792          3.13856792
         -1.34159265         -0.14450728          3.14450728
         -1.33159265         -0.15041149          3.15041149
         -1.32159265         -0.15628036          3.15628036
         -1.31159265         -0.16211366          3.16211366
         -1.30159265         -0.16791119          3.16791119
         -1.29159265         -0.17367276          3.17367276
         -1.28159265         -0.17939814          3.17939814
         -1.27159265         -0.18508715          3.18508715
         -1.26159265         -0.19073958          3.19073958
         -1.25159265         -0.19635525          3.19635525
         -1.24159265         -0.20193394          3.20193394
         -1.23159265         -0.20747547          3.20747547
         -1.22159265         -0.21297966          3.21297966
         -1.21159265         -0.21844630          3.21844630
         -1.20159265         -0.22387522          3.22387522
         -1.19159265         -0.22926622          3.22926622
         -1.18159265         -0.23461913          3.23461913
         -1.17159265         -0.23993377          3.23993377
         -1.16159265         -0.24520994          3.24520994
         -1.15159265         -0.25044749          3.25044749
         -1.14159265         -0.25564623          3.25564623
         -1.13159265         -0.26080598          3.26080598
         -1.12159265         -0.26592658          3.26592658
         -1.11159265         -0.27100786          3.27100786
         -1.10159265         -0.27604964          3.27604964
         -1.09159265         -0.28105176          3.28105176
         -1.08159265         -0.28601406          3.28601406
         -1.07159265         -0.29093637          3.29093637
         -1.06159265         -0.29581853          3.29581853
         -1.05159265         -0.30066039          3.30066039
         -1.04159265         -0.30546177          3.30546177
         -1.03159265         -0.31022253          3.31022253
         -1.02159265         -0.31494252          3.31494252
         -1.01159265         -0.31962157          3.31962157
         -1.00159265         -0.32425955          3.32425955
         -0.99159265         -0.32885629          3.32885629
         -0.98159265         -0.33341165          3.33341165
         -0.97159265         -0.33792549          3.33792549
         -0.96159265         -0.34239766          3.34239766
         -0.95159265         -0.34682802          3.34682802
         -0.94159265         -0.35121642          3.35121642
         -0.93159265         -0.35556273          3.35556273
         -0.92159265         -0.35986681          3.35986681
         -0.91159265         -0.36412852          3.36412852
         -0.90159265         -0.36834773          3.36834773
         -0.89159265         -0.37252430          3.37252430
         -0.88159265         -0.37665810          3.37665810
         -0.87159265         -0.38074901          3.38074901
         -0.86159265         -0.38479689          3.38479689
         -0.85159265         -0.38880162          3.38880162
         -0.84159265         -0.39276307          3.39276307
         -0.83159265         -0.39668112          3.39668112
         -0.82159265         -0.40055565          3.40055565
         -0.81159265         -0.40438653          3.40438653
         -0.80159265         -0.40817364          3.40817364
         -0.79159265         -0.41191688          3.41191688
         -0.78159265         -0.41561612          3.41561612
         -0.77159265         -0.41927125          3.41927125
         -0.76159265         -0.42288215          3.42288215
         -0.75159265         -0.42644872          3.42644872
         -0.74159265         -0.42997084          3.42997084
         -0.73159265         -0.43344840          3.43344840
         -0.72159265         -0.43688131          3.43688131
         -0.71159265         -0.44026945          3.44026945
         -0.70159265         -0.44361272          3.44361272
         -0.69159265         -0.44691102          3.44691102
         -0.68159265         -0.45016424          3.45016424
         -0.67159265         -0.45337229          3.45337229
         -0.66159265         -0.45653507          3.45653507
         -0.65159265         -0.45965249          3.45965249
         -0.64159265         -0.46272444          3.46272444
         -0.63159265         -0.46575084          3.46575084
         -0.62159265         -0.46873159          3.46873159
         -0.61159265         -0.47166660          3.47166660
         -0.60159265         -0.47455579          3.47455579
         -0.59159265         -0.47739907          3.47739907
         -0.58159265         -0.48019634          3.48019634
         -0.57159265         -0.48294753          3.48294753
         -0.56159265         -0.48565256          3.48565256
         -0.55159265         -0.48831133          3.48831133
         -0.54159265         -0.49092378          3.49092378
         -0.53159265         -0.49348982          3.49348982
         -0.52159265         -0.49600938          3.49600938
         -0.51159265         -0.49848238          3.49848238
         -0.50159265         -0.50090874          3.50090874
         -0.49159265         -0.50328839          3.50328839
         -0.48159265         -0.50562127          3.50562127
         -0.47159265         -0.50790730          3.50790730
         -0.46159265         -0.51014642          3.51014642
         -0.45159265         -0.51233855          3.51233855
         -0.44159265         -0.51448363          3.51448363
         -0.43159265         -0.51658160          3.51658160
         -0.42159265         -0.51863239          3.51863239
         -0.41159265         -0.52063595          3.52063595
         -0.40159265         -0.52259221          3.52259221
         -0.39159265         -0.52450111          3.52450111
         -0.38159265         -0.52636261          3.52636261
         -0.37159265         -0.52817664          3.52817664
         -0.36159265         -0.52994315          3.52994315
         -0.35159265         -0.53166208          3.53166208
         -0.34159265         -0.53333339          3.53333339
         -0.33159265         -0.53495703          3.53495703
         -0.32159265         -0.53653295          3.53653295
         -0.31159265         -0.53806109          3.53806109
         -0.30159265         -0.53954143          3.53954143
         -0.29159265         -0.54097390          3.54097390
         -0.28159265         -0.54235848          3.54235848
         -0.27159265         -0.54369512          3.54369512
         -0.26159265         -0.54498377          3.54498377
         -0.25159265         -0.54622441          3.54622441
         -0.24159265         -0.54741699          3.54741699
         -0.23159265         -0.54856148          3.54856148
         -0.22159265         -0.54965785          3.54965785
         -0.21159265         -0.55070606          3.55070606
         -0.20159265         -0.55170608          3.55170608
         -0.19159265         -0.55265789          3.55265789
         -0.18159265         -0.55356145          3.55356145
         -0.17159265         -0.55441674          3.55441674
         -0.16159265         -0.55522373          3.55522373
         -0.15159265         -0.55598240          3.55598240
         -0.14159265         -0.55669273          3.55669273
         -0.13159265         -0.55735470          3.55735470
         -0.12159265         -0.55796828          3.55796828
         -0.11159265         -0.55853346          3.55853346
         -0.10159265         -0.55905022          3.55905022
         -0.09159265         -0.55951855          3.55951855
         -0.08159265         -0.55993843          3.55993843
         -0.07159265         -0.56030985          3.56030985
         -0.06159265         -0.56063280          3.56063280
         -0.05159265         -0.56090727          3.56090727
         -0.04159265         -0.56113326          3.56113326
         -0.03159265         -0.56131074          3.56131074
         -0.02159265         -0.56143973          3.56143973
         -0.01159265         -0.56152022          3.56152022
         -0.00159265         -0.56155220          3.56155220
          0.00840735         -0.56153567          3.56153567
          0.01840735         -0.56147064          3.56147064
          0.02840735         -0.56135710          3.56135710
          0.03840735         -0.56119506          3.56119506
          0.04840735         -0.56098452          3.56098452
          0.05840735         -0.56072549          3.56072549
          0.06840735         -0.56041798          3.56041798
          0.07840735         -0.56006200          3.56006200
          0.08840735         -0.55965755          3.55965755
          0.09840735         -0.55920465          3.55920465
          0.10840735         -0.55870332          3.55870332
          0.11840735         -0.55815356          3.55815356
          0.12840735         -0.55755539          3.55755539
          0.13840735         -0.55690884          3.55690884
          0.14840735         -0.55621391          3.55621391
          0.15840735         -0.55547064          3.55547064
          0.16840735         -0.55467903          3.55467903
          0.17840735         -0.55383913          3.55383913
          0.18840735         -0.55295094          3.55295094
          0.19840735         -0.55201450          3.55201450
          0.20840735         -0.55102983          3.55102983
          0.21840735         -0.54999696          3.54999696
          0.22840735         -0.54891593          3.54891593
          0.23840735         -0.54778677          3.54778677
          0.24840735         -0.54660950          3.54660950
          0.25840735         -0.54538417          3.54538417
          0.26840735         -0.54411080          3.54411080
          0.27840735         -0.54278944          3.54278944
          0.28840735         -0.54142013          3.54142013
          0.29840735         -0.54000291          3.54000291
          0.30840735         -0.53853782          3.53853782
          0.31840735         -0.53702489          3.53702489
          0.32840735         -0.53546419          3.53546419
          0.33840735         -0.53385575          3.53385575
          0.34840735         -0.53219962          3.53219962
          0.35840735         -0.53049584          3.53049584
          0.36840735         -0.52874448          3.52874448
          0.37840735         -0.52694559          3.52694559
          0.38840735         -0.52509920          3.52509920
          0.39840735         -0.52320539          3.52320539
          0.40840735         -0.52126421          3.52126421
          0.41840735         -0.51927571          3.51927571
          0.42840735         -0.51723996          3.51723996
          0.43840735         -0.51515701          3.51515701
          0.44840735         -0.51302693          3.51302693
          0.45840735         -0.51084978          3.51084978
          0.46840735         -0.50862562          3.50862562
          0.47840735         -0.50635453          3.50635453
          0.48840735         -0.50403657          3.50403657
          0.49840735         -0.50167180          3.50167180
          0.50840735         -0.49926031          3.49926031
          0.51840735         -0.49680216          3.49680216
          0.52840735         -0.49429743          3.49429743
          0.53840735         -0.49174619          3.49174619
          0.54840735         -0.48914851          3.48914851
          0.55840735         -0.48650448          3.48650448
          0.56840735         -0.48381418          3.48381418
          0.57840735         -0.48107769          3.48107769
          0.58840735         -0.47829508          3.47829508
          0.59840735         -0.47546645          3.47546645
          0.60840735         -0.47259188          3.47259188
          0.61840735         -0.46967145          3.46967145
          0.62840735         -0.46670526          3.46670526
          0.63840735         -0.46369339          3.46369339
          0.64840735         -0.46063594          3.46063594
          0.65840735         -0.45753299          3.45753299
          0.66840735         -0.45438465          3.45438465
          0.67840735         -0.45119101          3.45119101
          0.68840735         -0.44795217          3.44795217
          0.69840735         -0.44466821          3.44466821
          0.70840735         -0.44133926          3.44133926
          0.71840735         -0.43796540          3.43796540
          0.72840735         -0.43454674          3.43454674
          0.73840735         -0.43108339          3.43108339
          0.74840735         -0.42757545          3.42757545
          0.75840735         -0.42402303          3.42402303
          0.76840735         -0.42042623          3.42042623
          0.77840735         -0.41678518          3.41678518
          0.78840735         -0.41309998          3.41309998
          0.79840735         -0.40937075          3.40937075
          0.80840735         -0.40559759          3.40559759
          0.81840735         -0.40178064          3.40178064
          0.82840735         -0.39792001          3.39792001
          0.83840735         -0.39401581          3.39401581
          0.84840735         -0.39006817          3.39006817
          0.85840735         -0.38607721          3.38607721
          0.86840735         -0.38204306          3.38204306
          0.87840735         -0.37796584          3.37796584
          0.88840735         -0.37384569          3.37384569
          0.89840735         -0.36968273          3.36968273
          0.90840735         -0.36547708          3.36547708
          0.91840735         -0.36122890          3.36122890
          0.92840735         -0.35693830          3.35693830
          0.93840735         -0.35260543          3.35260543
          0.94840735         -0.34823042          3.34823042
          0.95840735         -0.34381341          3.34381341
          0.96840735         -0.33935454          3.33935454
          0.97840735         -0.33485396          3.33485396
          0.98840735         -0.33031181          3.33031181
          0.99840735         -0.32572823          3.32572823
          1.00840735         -0.32110338          3.32110338
          1.01840735         -0.31643739          3.31643739
          1.02840735         -0.31173043          3.31173043
          1.03840735         -0.30698264          3.30698264
          1.04840735         -0.30219417          3.30219417
          1.05840735         -0.29736519          3.29736519
          1.06840735         -0.29249586          3.29249586
          1.07840735         -0.28758632          3.28758632
          1.08840735         -0.28263674          3.28263674
          1.09840735         -0.27764728          3.27764728
          1.10840735         -0.27261811          3.27261811
          1.11840735         -0.26754940          3.26754940
          1.12840735         -0.26244131          3.26244131
          1.13840735         -0.25729401          3.25729401
          1.14840735         -0.25210767          3.25210767
          1.15840735         -0.24688246          3.24688246
          1.16840735         -0.24161857          3.24161857
          1.17840735         -0.23631617          3.23631617
          1.18840735         -0.23097543          3.23097543
          1.19840735         -0.22559654          3.22559654
          1.20840735         -0.22017968          3.22017968
          1.21840735         -0.21472503          3.21472503
          1.22840735         -0.20923279          3.20923279
          1.23840735         -0.20370313          3.20370313
          1.24840735         -0.19813625          3.19813625
          1.25840735         -0.19253235          3.19253235
          1.26840735         -0.18689160          3.18689160
          1.27840735         -0.18121422          3.18121422
          1.28840735         -0.17550040          3.17550040
          1.29840735         -0.16975034          3.16975034
          1.30840735         -0.16396424          3.16396424
          1.31840735         -0.15814231          3.15814231
          1.32840735         -0.15228475          3.15228475
          1.33840735         -0.14639178          3.14639178
          1.34840735         -0.14046359          3.14046359
          1.35840735         -0.13450041          3.13450041
          1.36840735         -0.12850245          3.12850245
          1.37840735         -0.12246993          3.12246993
          1.38840735         -0.11640307          3.11640307
          1.39840735         -0.11030209          3.11030209
          1.40840735         -0.10416721          3.10416721
          1.41840735         -0.09799866          3.09799866
          1.42840735         -0.09179667          3.09179667
          1.43840735         -0.08556147          3.08556147
          1.44840735         -0.07929330          3.07929330
          1.45840735         -0.07299239          3.07299239
          1.46840735         -0.06665898          3.06665898
          1.47840735         -0.06029331          3.06029331
          1.48840735         -0.05389562          3.05389562
          1.49840735         -0.04746617          3.04746617
          1.50840735         -0.04100520          3.04100520
          1.51840735         -0.03451296          3.03451296
          1.52840735         -0.02798972          3.02798972
          1.53840735         -0.02143572          3.02143572
          1.54840735         -0.01485122          3.01485122
          1.55840735         -0.00823650          3.00823650
          1.56840735         -0.00159181          3.00159181
          1.57840735          0.00508257          2.99491743
          1.58840735          0.01178638          2.98821362
          1.59840735          0.01851933          2.98148067
          1.60840735          0.02528115          2.97471885
          1.61840735          0.03207155          2.96792845
          1.62840735          0.03889025          2.96110975
          1.63840735          0.04573697          2.95426303
          1.64840735          0.05261141          2.94738859
          1.65840735          0.05951327          2.94048673
          1.66840735          0.06644225          2.93355775
          1.67840735          0.07339806          2.92660194
          1.68840735          0.08038038          2.91961962
          1.69840735          0.08738891          2.91261109
          1.70840735          0.09442333          2.90557667
          1.71840735          0.10148332          2.89851668
          1.72840735          0.10856857          2.89143143
          1.73840735          0.11567874          2.88432126
          1.74840735          0.12281351          2.87718649
          1.75840735          0.12997253          2.87002747
          1.76840735          0.13715548          2.86284452
          1.77840735          0.14436200          2.85563800
          1.78840735          0.15159176          2.84840824
          1.79840735          0.15884438          2.84115562
          1.80840735          0.16611953          2.83388047
          1.81840735          0.17341683          2.82658317
          1.82840735          0.18073591          2.81926409
          1.83840735          0.18807641          2.81192359
          1.84840735          0.19543794          2.80456206
          1.85840735          0.20282012          2.79717988
          1.86840735          0.21022257          2.78977743
          1.87840735          0.21764487          2.78235513
          1.88840735          0.22508664          2.77491336
          1.89840735          0.23254746          2.76745254
          1.90840735          0.24002692          2.75997308
          1.91840735          0.24752460          2.75247540
          1.92840735          0.25504007          2.74495993
          1.93840735          0.26257290          2.73742710
          1.94840735          0.27012265          2.72987735
          1.95840735          0.27768886          2.72231114
          1.96840735          0.28527109          2.71472891
          1.97840735          0.29286886          2.70713114
          1.98840735          0.30048171          2.69951829
          1.99840735          0.30810916          2.69189084
          2.00840735          0.31575072          2.68424928
          2.01840735          0.32340589          2.67659411
          2.02840735          0.33107416          2.66892584
          2.03840735          0.33875503          2.66124497
          2.04840735          0.34644796          2.65355204
          2.05840735          0.35415243          2.64584757
          2.06840735          0.36186789          2.63813211
          2.07840735          0.36959378          2.63040622
          2.08840735          0.37732954          2.62267046
          2.09840735          0.38507460          2.61492540
          2.10840735          0.39282836          2.60717164
          2.11840735          0.40059023          2.59940977
          2.12840735          0.40835959          2.59164041
          2.13840735          0.41613583          2.58386417
          2.14840735          0.42391829          2.57608171
          2.15840735          0.43170635          2.56829365
          2.16840735          0.43949932          2.56050068
          2.17840735          0.44729653          2.55270347
          2.18840735          0.45509729          2.54490271
          2.19840735          0.46290089          2.53709911
          2.20840735          0.47070660          2.52929340
          2.21840735          0.47851368          2.52148632
          2.22840735          0.48632138          2.51367862
          2.23840735          0.49412892          2.50587108
          2.24840735          0.50193550          2.49806450
          2.25840735          0.50974031          2.49025969
          2.26840735          0.51754253          2.48245747
          2.27840735          0.52534129          2.47465871
          2.28840735          0.53313573          2.46686427
          2.29840735          0.54092495          2.45907505
          2.30840735          0.54870804          2.45129196
          2.31840735          0.55648405          2.44351595
          2.32840735          0.56425202          2.43574798
          2.33840735          0.57201097          2.42798903
          2.34840735          0.57975987          2.42024013
          2.35840735          0.58749770          2.41250230
          2.36840735          0.59522337          2.40477663
          2.37840735          0.60293580          2.39706420
          2.38840735          0.61063386          2.38936614
          2.39840735          0.61831639          2.38168361
          2.40840735          0.62598220          2.37401780
          2.41840735          0.63363007          2.36636993
          2.42840735          0.64125876          2.35874124
          2.43840735          0.64886697          2.35113303
          2.44840735          0.65645337          2.34354663
          2.45840735          0.66401660          2.33598340
          2.46840735          0.67155527          2.32844473
          2.47840735          0.67906792          2.32093208
          2.48840735          0.68655309          2.31344691
          2.49840735          0.69400923          2.30599077
          2.50840735          0.70143479          2.29856521
          2.51840735          0.70882815          2.29117185
          2.52840735          0.71618766          2.28381234
          2.53840735          0.72351159          2.27648841
          2.54840735          0.73079819          2.26920181
          2.55840735          0.73804565          2.26195435
          2.56840735          0.74525211          2.25474789
          2.57840735          0.75241566          2.24758434
          2.58840735          0.75953431          2.24046569
          2.59840735          0.76660604          2.23339396
          2.60840735          0.77362877          2.22637123
          2.61840735          0.78060034          2.21939966
          2.62840735          0.78751855          2.21248145
          2.63840735          0.79438112          2.20561888
          2.64840735          0.80118571          2.19881429
          2.65840735          0.80792994          2.19207006
          2.66840735          0.81461133          2.18538867
          2.67840735          0.82122735          2.17877265
          2.68840735          0.82777539          2.17222461
          2.69840735          0.83425279          2.16574721
          2.70840735          0.84065681          2.15934319
          2.71840735          0.84698464          2.15301536
          2.72840735          0.85323339          2.14676661
          2.73840735          0.85940013          2.14059987
          2.74840735          0.86548184          2.13451816
          2.75840735          0.87147543          2.12852457
          2.76840735          0.87737774          2.12262226
          2.77840735          0.88318556          2.11681444
          2.78840735          0.88889561          2.11110439
          2.79840735          0.89450454          2.10549546
          2.80840735          0.90000895          2.09999105
          2.81840735          0.90540537          2.09459463
          2.82840735          0.91069029          2.08930971
          2.83840735          0.91586016          2.08413984
          2.84840735          0.92091135          2.07908865
          2.85840735          0.92584024          2.07415976
          2.86840735          0.93064315          2.06935685
          2.87840735          0.93531637          2.06468363
          2.88840735          0.93985618          2.06014382
          2.89840735          0.94425886          2.05574114
          2.90840735          0.94852068          2.05147932
          2.91840735          0.95263791          2.04736209
          2.92840735          0.95660686          2.04339314
          2.93840735          0.96042384          2.03957616
          2.94840735          0.96408523          2.03591477
          2.95840735          0.96758745          2.03241255
          2.96840735          0.97092698          2.02907302
          2.97840735          0.97410039          2.02589961
          2.98840735          0.97710432          2.02289568
          2.99840735          0.97993555          2.02006445
          3.00840735          0.98259095          2.01740905
          3.01840735          0.98506754          2.01493246
          3.02840735          0.98736246          2.01263754
          3.03840735          0.98947305          2.01052695
          3.04840735          0.99139680          2.00860320
          3.05840735          0.99313137          2.00686863
          3.06840735          0.99467466          2.00532534
          3.07840735          0.99602475          2.00397525
          3.08840735          0.99717994          2.00282006
          3.09840735          0.99813878          2.00186122
          3.10840735          0.99890005          2.00109995
          3.11840735          0.99946275          2.00053725
          3.12840735          0.99982618          2.00017382
          3.13840735          0.99998985          2.00001015
