         -6.28318531          3.00000000          3.14159265          1.00000000
         -6.27318531          2.99997500          3.15159265          1.00999996
         -6.26318531          2.99990000          3.16159265          1.01999967
         -6.25318531          2.99977500          3.17159265          1.02999888
         -6.24318531          2.99960001          3.18159265          1.03999733
         -6.23318531          2.99937503          3.19159265          1.04999479
         -6.22318531          2.99910007          3.20159265          1.05999100
         -6.21318531          2.99877513          3.21159265          1.06998571
         -6.20318531          2.99840021          3.22159265          1.07997867
         -6.19318531          2.99797534          3.23159265          1.08996963
         -6.18318531          2.99750052          3.24159265          1.09995834
         -6.17318531          2.99697576          3.25159265          1.10994455
         -6.16318531          2.99640108          3.26159265          1.11992801
         -6.15318531          2.99577649          3.27159265          1.12990848
         -6.14318531          2.99510200          3.28159265          1.13988569
         -6.13318531          2.99437764          3.29159265          1.14985941
         -6.12318531          2.99360341          3.30159265          1.15982939
         -6.11318531          2.99277935          3.31159265          1.16979537
         -6.10318531          2.99190547          3.32159265          1.17975710
         -6.09318531          2.99098179          3.33159265          1.18971434
         -6.08318531          2.99000833          3.34159265          1.19966683
         -6.07318531          2.98898513          3.35159265          1.20961434
         -6.06318531          2.98791220          3.36159265          1.21955660
         -6.05318531          2.98678957          3.37159265          1.22949338
         -6.04318531          2.98561727          3.38159265          1.23942441
         -6.03318531          2.98439533          3.39159265          1.24934947
         -6.02318531          2.98312379          3.40159265          1.25926829
         -6.01318531          2.98180266          3.41159265          1.26918062
         -6.00318531          2.98043199          3.42159265          1.27908623
         -5.99318531          2.97901181          3.43159265          1.28898486
         -5.98318531          2.97754216          3.44159265          1.29887626
         -5.97318531          2.97602306          3.45159265          1.30876020
         -5.96318531          2.97445457          3.46159265          1.31863641
         -5.95318531          2.97283671          3.47159265          1.32850466
         -5.94318531          2.97116953          3.48159265          1.33836470
         -5.93318531          2.96945308          3.49159265          1.34821628
         -5.92318531          2.96768739          3.50159265          1.35805915
         -5.91318531          2.96587250          3.51159265          1.36789307
         -5.90318531          2.96400847          3.52159265          1.37771779
         -5.89318531          2.96209534          3.53159265          1.38753307
         -5.88318531          2.96013316          3.54159265          1.39733866
         -5.87318531          2.95812197          3.55159265          1.40713432
         -5.86318531          2.95606183          3.56159265          1.41691980
         -5.85318531          2.95395279          3.57159265          1.42669486
         -5.84318531          2.95179490          3.58159265          1.43645925
         -5.83318531          2.94958821          3.59159265          1.44621272
         -5.82318531          2.94733279          3.60159265          1.45595505
         -5.81318531          2.94502868          3.61159265          1.46568597
         -5.80318531          2.94267595          3.62159265          1.47540525
         -5.79318531          2.94027465          3.63159265          1.48511265
         -5.78318531          2.93782484          3.64159265          1.49480792
         -5.77318531          2.93532659          3.65159265          1.50449082
         -5.76318531          2.93277996          3.66159265          1.51416110
         -5.75318531          2.93018500          3.67159265          1.52381854
         -5.74318531          2.92754179          3.68159265          1.53346287
         -5.73318531          2.92485040          3.69159265          1.54309387
         -5.72318531          2.92211088          3.70159265          1.55271130
         -5.71318531          2.91932331          3.71159265          1.56231490
         -5.70318531          2.91648775          3.72159265          1.57190445
         -5.69318531          2.91360428          3.73159265          1.58147970
         -5.68318531          2.91067298          3.74159265          1.59104041
         -5.67318531          2.90769391          3.75159265          1.60058635
         -5.66318531          2.90466714          3.76159265          1.61011727
         -5.65318531          2.90159276          3.77159265          1.61963294
         -5.64318531          2.89847084          3.78159265          1.62913312
         -5.63318531          2.89530145          3.79159265          1.63861757
         -5.62318531          2.89208469          3.80159265          1.64808606
         -5.61318531          2.88882062          3.81159265          1.65753834
         -5.60318531          2.88550933          3.82159265          1.66697418
         -5.59318531          2.88215091          3.83159265          1.67639335
         -5.58318531          2.87874543          3.84159265          1.68579561
         -5.57318531          2.87529298          3.85159265          1.69518073
         -5.56318531          2.87179365          3.86159265          1.70454847
         -5.55318531          2.86824752          3.87159265          1.71389859
         -5.54318531          2.86465469          3.88159265          1.72323086
         -5.53318531          2.86101524          3.89159265          1.73254506
         -5.52318531          2.85732927          3.90159265          1.74184094
         -5.51318531          2.85359687          3.91159265          1.75111827
         -5.50318531          2.84981812          3.92159265          1.76037683
         -5.49318531          2.84599313          3.93159265          1.76961638
         -5.48318531          2.84212199          3.94159265          1.77883668
         -5.47318531          2.83820479          3.95159265          1.78803752
         -5.46318531          2.83424165          3.96159265          1.79721866
         -5.45318531          2.83023264          3.97159265          1.80637986
         -5.44318531          2.82617788          3.98159265          1.81552091
         -5.43318531          2.82207747          3.99159265          1.82464156
         -5.42318531          2.81793150          4.00159265          1.83374160
         -5.41318531          2.81374008          4.01159265          1.84282080
         -5.40318531          2.80950333          4.02159265          1.85187893
         -5.39318531          2.80522133          4.03159265          1.86091576
         -5.38318531          2.80089420          4.04159265          1.86993107
         -5.37318531          2.79652206          4.05159265          1.87892463
         -5.36318531          2.79210500          4.06159265          1.88789621
         -5.35318531          2.78764313          4.07159265          1.89684560
         -5.34318531          2.78313658          4.08159265          1.90577257
         -5.33318531          2.77858544          4.09159265          1.91467689
         -5.32318531          2.77398985          4.10159265          1.92355835
         -5.31318531          2.76934990          4.11159265          1.93241672
         -5.30318531          2.76466572          4.12159265          1.94125178
         -5.29318531          2.75993742          4.13159265          1.95006330
         -5.28318531          2.75516512          4.14159265          1.95885108
         -5.27318531          2.75034895          4.15159265          1.96761488
         -5.26318531          2.74548902          4.16159265          1.97635449
         -5.25318531          2.74058544          4.17159265          1.98506970
         -5.24318531          2.73563836          4.18159265          1.99376028
         -5.23318531          2.73064788          4.19159265          2.00242601
         -5.22318531          2.72561414          4.20159265          2.01106668
         -5.21318531          2.72053726          4.21159265          2.01968208
         -5.20318531          2.71541736          4.22159265          2.02827198
         -5.19318531          2.71025458          4.23159265          2.03683618
         -5.18318531          2.70504904          4.24159265          2.04537446
         -5.17318531          2.69980088          4.25159265          2.05388660
         -5.16318531          2.69451022          4.26159265          2.06237240
         -5.15318531          2.68917720          4.27159265          2.07083163
         -5.14318531          2.68380195          4.28159265          2.07926410
         -5.13318531          2.67838460          4.29159265          2.08766958
         -5.12318531          2.67292530          4.30159265          2.09604787
         -5.11318531          2.66742417          4.31159265          2.10439876
         -5.10318531          2.66188136          4.32159265          2.11272205
         -5.09318531          2.65629700          4.33159265          2.12101751
         -5.08318531          2.65067123          4.34159265          2.12928495
         -5.07318531          2.64500420          4.35159265          2.13752415
         -5.06318531          2.63929604          4.36159265          2.14573492
         -5.05318531          2.63354689          4.37159265          2.15391704
         -5.04318531          2.62775691          4.38159265          2.16207032
         -5.03318531          2.62192624          4.39159265          2.17019455
         -5.02318531          2.61605502          4.40159265          2.17828952
         -5.01318531          2.61014339          4.41159265          2.18635503
         -5.00318531          2.60419152          4.42159265          2.19439088
         -4.99318531          2.59819953          4.43159265          2.20239688
         -4.98318531          2.59216760          4.44159265          2.21037281
         -4.97318531          2.58609586          4.45159265          2.21831849
         -4.96318531          2.57998446          4.46159265          2.22623370
         -4.95318531          2.57383357          4.47159265          2.23411827
         -4.94318531          2.56764333          4.48159265          2.24197197
         -4.93318531          2.56141390          4.49159265          2.24979463
         -4.92318531          2.55514544          4.50159265          2.25758605
         -4.91318531          2.54883809          4.51159265          2.26534602
         -4.90318531          2.54249203          4.52159265          2.27307436
         -4.89318531          2.53610740          4.53159265          2.28077088
         -4.88318531          2.52968437          4.54159265          2.28843537
         -4.87318531          2.52322310          4.55159265          2.29606766
         -4.86318531          2.51672375          4.56159265          2.30366754
         -4.85318531          2.51018648          4.57159265          2.31123483
         -4.84318531          2.50361146          4.58159265          2.31876934
         -4.83318531          2.49699884          4.59159265          2.32627089
         -4.82318531          2.49034880          4.60159265          2.33373927
         -4.81318531          2.48366151          4.61159265          2.34117431
         -4.80318531          2.47693712          4.62159265          2.34857582
         -4.79318531          2.47017580          4.63159265          2.35594362
         -4.78318531          2.46337774          4.64159265          2.36327752
         -4.77318531          2.45654309          4.65159265          2.37057734
         -4.76318531          2.44967202          4.66159265          2.37784289
         -4.75318531          2.44276471          4.67159265          2.38507400
         -4.74318531          2.43582134          4.68159265          2.39227048
         -4.73318531          2.42884207          4.69159265          2.39943215
         -4.72318531          2.42182708          4.70159265          2.40655884
         -4.71318531          2.41477654          4.71159265          2.41365036
         -4.70318531          2.40769063          4.72159265          2.42070654
         -4.69318531          2.40056953          4.73159265          2.42772721
         -4.68318531          2.39341342          4.74159265          2.43471218
         -4.67318531          2.38622247          4.75159265          2.44166129
         -4.66318531          2.37899687          4.76159265          2.44857435
         -4.65318531          2.37173679          4.77159265          2.45545120
         -4.64318531          2.36444241          4.78159265          2.46229166
         -4.63318531          2.35711393          4.79159265          2.46909556
         -4.62318531          2.34975152          4.80159265          2.47586274
         -4.61318531          2.34235537          4.81159265          2.48259302
         -4.60318531          2.33492565          4.82159265          2.48928624
         -4.59318531          2.32746256          4.83159265          2.49594222
         -4.58318531          2.31996629          4.84159265          2.50256081
         -4.57318531          2.31243702          4.85159265          2.50914183
         -4.56318531          2.30487494          4.86159265          2.51568513
         -4.55318531          2.29728023          4.87159265          2.52219053
         -4.54318531          2.28965309          4.88159265          2.52865787
         -4.53318531          2.28199372          4.89159265          2.53508700
         -4.52318531          2.27430229          4.90159265          2.54147776
         -4.51318531          2.26657900          4.91159265          2.54782997
         -4.50318531          2.25882405          4.92159265          2.55414350
         -4.49318531          2.25103763          4.93159265          2.56041816
         -4.48318531          2.24321994          4.94159265          2.56665382
         -4.47318531          2.23537116          4.95159265          2.57285031
         -4.46318531          2.22749150          4.96159265          2.57900748
         -4.45318531          2.21958115          4.97159265          2.58512517
         -4.44318531          2.21164031          4.98159265          2.59120324
         -4.43318531          2.20366918          4.99159265          2.59724153
         -4.42318531          2.19566796          5.00159265          2.60323988
         -4.41318531          2.18763685          5.01159265          2.60919816
         -4.40318531          2.17957605          5.02159265          2.61511620
         -4.39318531          2.17148576          5.03159265          2.62099387
         -4.38318531          2.16336618          5.04159265          2.62683101
         -4.37318531          2.15521752          5.05159265          2.63262748
         -4.36318531          2.14703997          5.06159265          2.63838314
         -4.35318531          2.13883375          5.07159265          2.64409783
         -4.34318531          2.13059906          5.08159265          2.64977143
         -4.33318531          2.12233611          5.09159265          2.65540378
         -4.32318531          2.11404509          5.10159265          2.66099474
         -4.31318531          2.10572623          5.11159265          2.66654418
         -4.30318531          2.09737972          5.12159265          2.67205196
         -4.29318531          2.08900578          5.13159265          2.67751793
         -4.28318531          2.08060461          5.14159265          2.68294197
         -4.27318531          2.07217643          5.15159265          2.68832393
         -4.26318531          2.06372144          5.16159265          2.69366369
         -4.25318531          2.05523986          5.17159265          2.69896110
         -4.24318531          2.04673190          5.18159265          2.70421604
         -4.23318531          2.03819777          5.19159265          2.70942838
         -4.22318531          2.02963769          5.20159265          2.71459798
         -4.21318531          2.02105187          5.21159265          2.71972471
         -4.20318531          2.01244051          5.22159265          2.72480845
         -4.19318531          2.00380385          5.23159265          2.72984908
         -4.18318531          1.99514210          5.24159265          2.73484645
         -4.17318531          1.98645546          5.25159265          2.73980046
         -4.16318531          1.97774416          5.26159265          2.74471096
         -4.15318531          1.96900842          5.27159265          2.74957786
         -4.14318531          1.96024846          5.28159265          2.75440101
         -4.13318531          1.95146449          5.29159265          2.75918030
         -4.12318531          1.94265673          5.30159265          2.76391561
         -4.11318531          1.93382540          5.31159265          2.76860683
         -4.10318531          1.92497073          5.32159265          2.77325383
         -4.09318531          1.91609294          5.33159265          2.77785650
         -4.08318531          1.90719224          5.34159265          2.78241472
         -4.07318531          1.89826887          5.35159265          2.78692838
         -4.06318531          1.88932303          5.36159265          2.79139737
         -4.05318531          1.88035497          5.37159265          2.79582158
         -4.04318531          1.87136489          5.38159265          2.80020088
         -4.03318531          1.86235303          5.39159265          2.80453519
         -4.02318531          1.85331962          5.40159265          2.80882438
         -4.01318531          1.84426487          5.41159265          2.81306835
         -4.00318531          1.83518901          5.42159265          2.81726699
         -3.99318531          1.82609227          5.43159265          2.82142020
         -3.98318531          1.81697488          5.44159265          2.82552788
         -3.97318531          1.80783707          5.45159265          2.82958992
         -3.96318531          1.79867906          5.46159265          2.83360622
         -3.95318531          1.78950108          5.47159265          2.83757668
         -3.94318531          1.78030337          5.48159265          2.84150120
         -3.93318531          1.77108615          5.49159265          2.84537968
         -3.92318531          1.76184965          5.50159265          2.84921202
         -3.91318531          1.75259410          5.51159265          2.85299814
         -3.90318531          1.74331974          5.52159265          2.85673793
         -3.89318531          1.73402680          5.53159265          2.86043131
         -3.88318531          1.72471551          5.54159265          2.86407817
         -3.87318531          1.71538610          5.55159265          2.86767843
         -3.86318531          1.70603880          5.56159265          2.87123200
         -3.85318531          1.69667386          5.57159265          2.87473879
         -3.84318531          1.68729149          5.58159265          2.87819871
         -3.83318531          1.67789195          5.59159265          2.88161168
         -3.82318531          1.66847545          5.60159265          2.88497760
         -3.81318531          1.65904225          5.61159265          2.88829641
         -3.80318531          1.64959257          5.62159265          2.89156800
         -3.79318531          1.64012665          5.63159265          2.89479230
         -3.78318531          1.63064472          5.64159265          2.89796924
         -3.77318531          1.62114704          5.65159265          2.90109872
         -3.76318531          1.61163382          5.66159265          2.90418068
         -3.75318531          1.60210531          5.67159265          2.90721504
         -3.74318531          1.59256175          5.68159265          2.91020171
         -3.73318531          1.58300337          5.69159265          2.91314063
         -3.72318531          1.57343042          5.70159265          2.91603172
         -3.71318531          1.56384313          5.71159265          2.91887491
         -3.70318531          1.55424175          5.72159265          2.92167013
         -3.69318531          1.54462651          5.73159265          2.92441730
         -3.68318531          1.53499766          5.74159265          2.92711637
         -3.67318531          1.52535543          5.75159265          2.92976726
         -3.66318531          1.51570007          5.76159265          2.93236990
         -3.65318531          1.50603181          5.77159265          2.93492424
         -3.64318531          1.49635090          5.78159265          2.93743020
         -3.63318531          1.48665759          5.79159265          2.93988773
         -3.62318531          1.47695211          5.80159265          2.94229676
         -3.61318531          1.46723470          5.81159265          2.94465723
         -3.60318531          1.45750562          5.82159265          2.94696908
         -3.59318531          1.44776509          5.83159265          2.94923226
         -3.58318531          1.43801337          5.84159265          2.95144672
         -3.57318531          1.42825071          5.85159265          2.95361238
         -3.56318531          1.41847733          5.86159265          2.95572920
         -3.55318531          1.40869350          5.87159265          2.95779714
         -3.54318531          1.39889944          5.88159265          2.95981612
         -3.53318531          1.38909542          5.89159265          2.96178611
         -3.52318531          1.37928166          5.90159265          2.96370706
         -3.51318531          1.36945843          5.91159265          2.96557891
         -3.50318531          1.35962596          5.92159265          2.96740163
         -3.49318531          1.34978449          5.93159265          2.96917516
         -3.48318531          1.33993429          5.94159265          2.97089946
         -3.47318531          1.33007558          5.95159265          2.97257449
         -3.46318531          1.32020862          5.96159265          2.97420020
         -3.45318531          1.31033366          5.97159265          2.97577656
         -3.44318531          1.30045094          5.98159265          2.97730353
         -3.43318531          1.29056071          5.99159265          2.97878106
         -3.42318531          1.28066321          6.00159265          2.98020912
         -3.41318531          1.27075870          6.01159265          2.98158768
         -3.40318531          1.26084742          6.02159265          2.98291670
         -3.39318531          1.25092961          6.03159265          2.98419614
         -3.38318531          1.24100554          6.04159265          2.98542598
         -3.37318531          1.23107544          6.05159265          2.98660619
         -3.36318531          1.22113956          6.06159265          2.98773673
         -3.35318531          1.21119815          6.07159265          2.98881757
         -3.34318531          1.20125147          6.08159265          2.98984870
         -3.33318531          1.19129975          6.09159265          2.99083008
         -3.32318531          1.18134325          6.10159265          2.99176169
         -3.31318531          1.17138222          6.11159265          2.99264350
         -3.30318531          1.16141690          6.12159265          2.99347550
         -3.29318531          1.15144754          6.13159265          2.99425767
         -3.28318531          1.14147440          6.14159265          2.99498997
         -3.27318531          1.13149773          6.15159265          2.99567240
         -3.26318531          1.12151776          6.16159265          2.99630494
         -3.25318531          1.11153476          6.17159265          2.99688758
         -3.24318531          1.10154897          6.18159265          2.99742029
         -3.23318531          1.09156064          6.19159265          2.99790306
         -3.22318531          1.08157002          6.20159265          2.99833589
         -3.21318531          1.07157737          6.21159265          2.99871876
         -3.20318531          1.06158292          6.22159265          2.99905166
         -3.19318531          1.05158693          6.23159265          2.99933459
         -3.18318531          1.04158966          6.24159265          2.99956753
         -3.17318531          1.03159134          6.25159265          2.99975048
         -3.16318531          1.02159223          6.26159265          2.99988344
         -3.15318531          1.01159259          6.27159265          2.99996640
         -3.14318531          1.00159265          6.28159265          2.99999937
