         -3.14159265          2.00000000          4.50000000
         -3.13159265          1.99995000          4.49997500
         -3.12159265          1.99980001          4.49990000
         -3.11159265          1.99955003          4.49977502
         -3.10159265          1.99920011          4.49960005
         -3.09159265          1.99875026          4.49937513
         -3.08159265          1.99820054          4.49910027
         -3.07159265          1.99755100          4.49877550
         -3.06159265          1.99680171          4.49840085
         -3.05159265          1.99595273          4.49797637
         -3.04159265          1.99500417          4.49750208
         -3.03159265          1.99395610          4.49697805
         -3.02159265          1.99280864          4.49640432
         -3.01159265          1.99156189          4.49578095
         -3.00159265          1.99021600          4.49510800
         -2.99159265          1.98877108          4.49438554
         -2.98159265          1.98722728          4.49361364
         -2.97159265          1.98558477          4.49279238
         -2.96159265          1.98384369          4.49192185
         -2.95159265          1.98200424          4.49100212
         -2.94159265          1.98006658          4.49003329
         -2.93159265          1.97803091          4.48901546
         -2.92159265          1.97589745          4.48794872
         -2.91159265          1.97366640          4.48683320
         -2.90159265          1.97133797          4.48566899
         -2.89159265          1.96891242          4.48445621
         -2.88159265          1.96638998          4.48319499
         -2.87159265          1.96377090          4.48188545
         -2.86159265          1.96105544          4.48052772
         -2.85159265          1.95824388          4.47912194
         -2.84159265          1.95533649          4.47766824
         -2.83159265          1.95233357          4.47616678
         -2.82159265          1.94923542          4.47461771
         -2.81159265          1.94604234          4.47302117
         -2.80159265          1.94275467          4.47137733
         -2.79159265          1.93937271          4.46968636
         -2.78159265          1.93589682          4.46794841
         -2.77159265          1.93232735          4.46616367
         -2.76159265          1.92866464          4.46433232
         -2.75159265          1.92490906          4.46245453
         -2.74159265          1.92106099          4.46053050
         -2.73159265          1.91712082          4.45856041
         -2.72159265          1.91308894          4.45654447
         -2.71159265          1.90896575          4.45448287
         -2.70159265          1.90475166          4.45237583
         -2.69159265          1.90044710          4.45022355
         -2.68159265          1.89605250          4.44802625
         -2.67159265          1.89156829          4.44578414
         -2.66159265          1.88699492          4.44349746
         -2.65159265          1.88233286          4.44116643
         -2.64159265          1.87758256          4.43879128
         -2.63159265          1.87274451          4.43637225
         -2.62159265          1.86781918          4.43390959
         -2.61159265          1.86280707          4.43140354
         -2.60159265          1.85770868          4.42885434
         -2.59159265          1.85252452          4.42626226
         -2.58159265          1.84725511          4.42362756
         -2.57159265          1.84190098          4.42095049
         -2.56159265          1.83646265          4.41823132
         -2.55159265          1.83094068          4.41547034
         -2.54159265          1.82533561          4.41266781
         -2.53159265          1.81964802          4.40982401
         -2.52159265          1.81387846          4.40693923
         -2.51159265          1.80802751          4.40401375
         -2.50159265          1.80209576          4.40104788
         -2.49159265          1.79608380          4.39804190
         -2.48159265          1.78999223          4.39499612
         -2.47159265          1.78382167          4.39191083
         -2.46159265          1.77757272          4.38878636
         -2.45159265          1.77124601          4.38562301
         -2.44159265          1.76484219          4.38242109
         -2.43159265          1.75836188          4.37918094
         -2.42159265          1.75180573          4.37590286
         -2.41159265          1.74517440          4.37258720
         -2.40159265          1.73846856          4.36923428
         -2.39159265          1.73168887          4.36584443
         -2.38159265          1.72483601          4.36241801
         -2.37159265          1.71791067          4.35895533
         -2.36159265          1.71091354          4.35545677
         -2.35159265          1.70384532          4.35192266
         -2.34159265          1.69670671          4.34835335
         -2.33159265          1.68949843          4.34474922
         -2.32159265          1.68222121          4.34111060
         -2.31159265          1.67487576          4.33743788
         -2.30159265          1.66746283          4.33373141
         -2.29159265          1.65998315          4.32999157
         -2.28159265          1.65243747          4.32621873
         -2.27159265          1.64482655          4.32241327
         -2.26159265          1.63715114          4.31857557
         -2.25159265          1.62941203          4.31470601
         -2.24159265          1.62160997          4.31080498
         -2.23159265          1.61374575          4.30687287
         -2.22159265          1.60582016          4.30291008
         -2.21159265          1.59783398          4.29891699
         -2.20159265          1.58978803          4.29489401
         -2.19159265          1.58168309          4.29084154
         -2.18159265          1.57351999          4.28675999
         -2.17159265          1.56529953          4.28264977
         -2.16159265          1.55702255          4.27851127
         -2.15159265          1.54868986          4.27434493
         -2.14159265          1.54030231          4.27015115
         -2.13159265          1.53186072          4.26593036
         -2.12159265          1.52336595          4.26168298
         -2.11159265          1.51481884          4.25740942
         -2.10159265          1.50622026          4.25311013
         -2.09159265          1.49757105          4.24878552
         -2.08159265          1.48887208          4.24443604
         -2.07159265          1.48012423          4.24006211
         -2.06159265          1.47132836          4.23566418
         -2.05159265          1.46248537          4.23124268
         -2.04159265          1.45359612          4.22679806
         -2.03159265          1.44466152          4.22233076
         -2.02159265          1.43568245          4.21784122
         -2.01159265          1.42665981          4.21332990
         -2.00159265          1.41759450          4.20879725
         -1.99159265          1.40848744          4.20424372
         -1.98159265          1.39933953          4.19966976
         -1.97159265          1.39015168          4.19507584
         -1.96159265          1.38092482          4.19046241
         -1.95159265          1.37165987          4.18582994
         -1.94159265          1.36235775          4.18117888
         -1.93159265          1.35301940          4.17650970
         -1.92159265          1.34364575          4.17182287
         -1.91159265          1.33423773          4.16711886
         -1.90159265          1.32479628          4.16239814
         -1.89159265          1.31532236          4.15766118
         -1.88159265          1.30581691          4.15290845
         -1.87159265          1.29628087          4.14814044
         -1.86159265          1.28671521          4.14335760
         -1.85159265          1.27712088          4.13856044
         -1.84159265          1.26749883          4.13374941
         -1.83159265          1.25785003          4.12892502
         -1.82159265          1.24817545          4.12408773
         -1.81159265          1.23847605          4.11923803
         -1.80159265          1.22875281          4.11437640
         -1.79159265          1.21900669          4.10950334
         -1.78159265          1.20923867          4.10461933
         -1.77159265          1.19944972          4.09972486
         -1.76159265          1.18964083          4.09482042
         -1.75159265          1.17981298          4.08990649
         -1.74159265          1.16996714          4.08498357
         -1.73159265          1.16010431          4.08005216
         -1.72159265          1.15022547          4.07511273
         -1.71159265          1.14033161          4.07016580
         -1.70159265          1.13042371          4.06521185
         -1.69159265          1.12050277          4.06025138
         -1.68159265          1.11056978          4.05528489
         -1.67159265          1.10062573          4.05031287
         -1.66159265          1.09067162          4.04533581
         -1.65159265          1.08070845          4.04035422
         -1.64159265          1.07073720          4.03536860
         -1.63159265          1.06075888          4.03037944
         -1.62159265          1.05077448          4.02538724
         -1.61159265          1.04078501          4.02039251
         -1.60159265          1.03079146          4.01539573
         -1.59159265          1.02079483          4.01039741
         -1.58159265          1.01079612          4.00539806
         -1.57159265          1.00079633          4.00039816
         -1.56159265          0.99079646          3.99539823
         -1.55159265          0.98079751          3.99039875
         -1.54159265          0.97080048          3.98540024
         -1.53159265          0.96080637          3.98040318
         -1.52159265          0.95081618          3.97540809
         -1.51159265          0.94083091          3.97041545
         -1.50159265          0.93085155          3.96542578
         -1.49159265          0.92087911          3.96043956
         -1.48159265          0.91091458          3.95545729
         -1.47159265          0.90095896          3.95047948
         -1.46159265          0.89101325          3.94550662
         -1.45159265          0.88107843          3.94053922
         -1.44159265          0.87115551          3.93557775
         -1.43159265          0.86124547          3.93062273
         -1.42159265          0.85134930          3.92567465
         -1.41159265          0.84146800          3.92073400
         -1.40159265          0.83160255          3.91580128
         -1.39159265          0.82175394          3.91087697
         -1.38159265          0.81192316          3.90596158
         -1.37159265          0.80211119          3.90105559
         -1.36159265          0.79231900          3.89615950
         -1.35159265          0.78254758          3.89127379
         -1.34159265          0.77279791          3.88639895
         -1.33159265          0.76307095          3.88153548
         -1.32159265          0.75336769          3.87668385
         -1.31159265          0.74368909          3.87184455
         -1.30159265          0.73403612          3.86701806
         -1.29159265          0.72440975          3.86220488
         -1.28159265          0.71481094          3.85740547
         -1.27159265          0.70524065          3.85262032
         -1.26159265          0.69569983          3.84784991
         -1.25159265          0.68618944          3.84309472
         -1.24159265          0.67671043          3.83835522
         -1.23159265          0.66726375          3.83363188
         -1.22159265          0.65785035          3.82892517
         -1.21159265          0.64847116          3.82423558
         -1.20159265          0.63912712          3.81956356
         -1.19159265          0.62981917          3.81490958
         -1.18159265          0.62054824          3.81027412
         -1.17159265          0.61131525          3.80565762
         -1.16159265          0.60212113          3.80106056
         -1.15159265          0.59296679          3.79648340
         -1.14159265          0.58385316          3.79192658
         -1.13159265          0.57478115          3.78739057
         -1.12159265          0.56575165          3.78287583
         -1.11159265          0.55676558          3.77838279
         -1.10159265          0.54782384          3.77391192
         -1.09159265          0.53892731          3.76946365
         -1.08159265          0.53007689          3.76503844
         -1.07159265          0.52127346          3.76063673
         -1.06159265          0.51251790          3.75625895
         -1.05159265          0.50381109          3.75190554
         -1.04159265          0.49515390          3.74757695
         -1.03159265          0.48654719          3.74327359
         -1.02159265          0.47799182          3.73899591
         -1.01159265          0.46948866          3.73474433
         -1.00159265          0.46103855          3.73051928
         -0.99159265          0.45264233          3.72632117
         -0.98159265          0.44430085          3.72215043
         -0.97159265          0.43601494          3.71800747
         -0.96159265          0.42778543          3.71389271
         -0.95159265          0.41961314          3.70980657
         -0.94159265          0.41149888          3.70574944
         -0.93159265          0.40344348          3.70172174
         -0.92159265          0.39544773          3.69772386
         -0.91159265          0.38751243          3.69375622
         -0.90159265          0.37963839          3.68981919
         -0.89159265          0.37182638          3.68591319
         -0.88159265          0.36407718          3.68203859
         -0.87159265          0.35639158          3.67819579
         -0.86159265          0.34877034          3.67438517
         -0.85159265          0.34121422          3.67060711
         -0.84159265          0.33372398          3.66686199
         -0.83159265          0.32630036          3.66315018
         -0.82159265          0.31894412          3.65947206
         -0.81159265          0.31165598          3.65582799
         -0.80159265          0.30443667          3.65221834
         -0.79159265          0.29728692          3.64864346
         -0.78159265          0.29020744          3.64510372
         -0.77159265          0.28319894          3.64159947
         -0.76159265          0.27626212          3.63813106
         -0.75159265          0.26939767          3.63469884
         -0.74159265          0.26260628          3.63130314
         -0.73159265          0.25588863          3.62794432
         -0.72159265          0.24924540          3.62462270
         -0.71159265          0.24267723          3.62133862
         -0.70159265          0.23618480          3.61809240
         -0.69159265          0.22976875          3.61488437
         -0.68159265          0.22342972          3.61171486
         -0.67159265          0.21716834          3.60858417
         -0.66159265          0.21098525          3.60549263
         -0.65159265          0.20488106          3.60244053
         -0.64159265          0.19885638          3.59942819
         -0.63159265          0.19291182          3.59645591
         -0.62159265          0.18704796          3.59352398
         -0.61159265          0.18126540          3.59063270
         -0.60159265          0.17556471          3.58778236
         -0.59159265          0.16994646          3.58497323
         -0.58159265          0.16441122          3.58220561
         -0.57159265          0.15895954          3.57947977
         -0.56159265          0.15359196          3.57679598
         -0.55159265          0.14830902          3.57415451
         -0.54159265          0.14311125          3.57155562
         -0.53159265          0.13799916          3.56899958
         -0.52159265          0.13297328          3.56648664
         -0.51159265          0.12803410          3.56401705
         -0.50159265          0.12318211          3.56159105
         -0.49159265          0.11841780          3.55920890
         -0.48159265          0.11374166          3.55687083
         -0.47159265          0.10915413          3.55457707
         -0.46159265          0.10465569          3.55232785
         -0.45159265          0.10024679          3.55012339
         -0.44159265          0.09592786          3.54796393
         -0.43159265          0.09169933          3.54584967
         -0.42159265          0.08756164          3.54378082
         -0.41159265          0.08351519          3.54175759
         -0.40159265          0.07956038          3.53978019
         -0.39159265          0.07569762          3.53784881
         -0.38159265          0.07192729          3.53596364
         -0.37159265          0.06824976          3.53412488
         -0.36159265          0.06466541          3.53233271
         -0.35159265          0.06117460          3.53058730
         -0.34159265          0.05777766          3.52888883
         -0.33159265          0.05447494          3.52723747
         -0.32159265          0.05126678          3.52563339
         -0.31159265          0.04815349          3.52407675
         -0.30159265          0.04513538          3.52256769
         -0.29159265          0.04221276          3.52110638
         -0.28159265          0.03938592          3.51969296
         -0.27159265          0.03665514          3.51832757
         -0.26159265          0.03402069          3.51701034
         -0.25159265          0.03148284          3.51574142
         -0.24159265          0.02904183          3.51452092
         -0.23159265          0.02669793          3.51334896
         -0.22159265          0.02445135          3.51222568
         -0.21159265          0.02230233          3.51115116
         -0.20159265          0.02025108          3.51012554
         -0.19159265          0.01829780          3.50914890
         -0.18159265          0.01644269          3.50822134
         -0.17159265          0.01468593          3.50734297
         -0.16159265          0.01302771          3.50651385
         -0.15159265          0.01146818          3.50573409
         -0.14159265          0.01000750          3.50500375
         -0.13159265          0.00864583          3.50432291
         -0.12159265          0.00738328          3.50369164
         -0.11159265          0.00622000          3.50311000
         -0.10159265          0.00515610          3.50257805
         -0.09159265          0.00419168          3.50209584
         -0.08159265          0.00332683          3.50166342
         -0.07159265          0.00256166          3.50128083
         -0.06159265          0.00189623          3.50094811
         -0.05159265          0.00133061          3.50066530
         -0.04159265          0.00086485          3.50043242
         -0.03159265          0.00049901          3.50024950
         -0.02159265          0.00023311          3.50011656
         -0.01159265          0.00006719          3.50003360
         -0.00159265          0.00000127          3.50000063
          0.00840735          0.00003534          3.50001767
          0.01840735          0.00016941          3.50008471
          0.02840735          0.00040346          3.50020173
          0.03840735          0.00073747          3.50036874
          0.04840735          0.00117141          3.50058570
          0.05840735          0.00170522          3.50085261
          0.06840735          0.00233887          3.50116944
          0.07840735          0.00307228          3.50153614
          0.08840735          0.00390538          3.50195269
          0.09840735          0.00483810          3.50241905
          0.10840735          0.00587032          3.50293516
          0.11840735          0.00700196          3.50350098
          0.12840735          0.00823290          3.50411645
          0.13840735          0.00956302          3.50478151
          0.14840735          0.01099217          3.50549609
          0.15840735          0.01252023          3.50626012
          0.16840735          0.01414703          3.50707352
          0.17840735          0.01587242          3.50793621
          0.18840735          0.01769622          3.50884811
          0.19840735          0.01961825          3.50980913
          0.20840735          0.02163832          3.51081916
          0.21840735          0.02375622          3.51187811
          0.22840735          0.02597175          3.51298588
          0.23840735          0.02828468          3.51414234
          0.24840735          0.03069478          3.51534739
          0.25840735          0.03320181          3.51660090
          0.26840735          0.03580552          3.51790276
          0.27840735          0.03850564          3.51925282
          0.28840735          0.04130192          3.52065096
          0.29840735          0.04419406          3.52209703
          0.30840735          0.04718179          3.52359089
          0.31840735          0.05026479          3.52513240
          0.32840735          0.05344277          3.52672138
          0.33840735          0.05671540          3.52835770
          0.34840735          0.06008236          3.53004118
          0.35840735          0.06354331          3.53177166
          0.36840735          0.06709791          3.53354895
          0.37840735          0.07074579          3.53537290
          0.38840735          0.07448660          3.53724330
          0.39840735          0.07831997          3.53915998
          0.40840735          0.08224549          3.54112275
          0.41840735          0.08626280          3.54313140
          0.42840735          0.09037147          3.54518574
          0.43840735          0.09457111          3.54728556
          0.44840735          0.09886129          3.54943065
          0.45840735          0.10324158          3.55162079
          0.46840735          0.10771155          3.55385578
          0.47840735          0.11227075          3.55613537
          0.48840735          0.11691872          3.55845936
          0.49840735          0.12165499          3.56082750
          0.50840735          0.12647910          3.56323955
          0.51840735          0.13139056          3.56569528
          0.52840735          0.13638888          3.56819444
          0.53840735          0.14147357          3.57073678
          0.54840735          0.14664410          3.57332205
          0.55840735          0.15189997          3.57594998
          0.56840735          0.15724065          3.57862032
          0.57840735          0.16266560          3.58133280
          0.58840735          0.16817428          3.58408714
          0.59840735          0.17376615          3.58688308
          0.60840735          0.17944064          3.58972032
          0.61840735          0.18519719          3.59259859
          0.62840735          0.19103521          3.59551761
          0.63840735          0.19695413          3.59847707
          0.64840735          0.20295336          3.60147668
          0.65840735          0.20903229          3.60451614
          0.66840735          0.21519031          3.60759516
          0.67840735          0.22142682          3.61071341
          0.68840735          0.22774118          3.61387059
          0.69840735          0.23413277          3.61706638
          0.70840735          0.24060094          3.62030047
          0.71840735          0.24714505          3.62357253
          0.72840735          0.25376445          3.62688223
          0.73840735          0.26045847          3.63022924
          0.74840735          0.26722645          3.63361322
          0.75840735          0.27406770          3.63703385
          0.76840735          0.28098154          3.64049077
          0.77840735          0.28796728          3.64398364
          0.78840735          0.29502423          3.64751212
          0.79840735          0.30215167          3.65107584
          0.80840735          0.30934890          3.65467445
          0.81840735          0.31661520          3.65830760
          0.82840735          0.32394983          3.66197491
          0.83840735          0.33135206          3.66567603
          0.84840735          0.33882116          3.66941058
          0.85840735          0.34635638          3.67317819
          0.86840735          0.35395696          3.67697848
          0.87840735          0.36162214          3.68081107
          0.88840735          0.36935117          3.68467558
          0.89840735          0.37714325          3.68857163
          0.90840735          0.38499762          3.69249881
          0.91840735          0.39291349          3.69645675
          0.92840735          0.40089007          3.70044504
          0.93840735          0.40892656          3.70446328
          0.94840735          0.41702216          3.70851108
          0.95840735          0.42517605          3.71258803
          0.96840735          0.43338743          3.71669371
          0.97840735          0.44165547          3.72082773
          0.98840735          0.44997934          3.72498967
          0.99840735          0.45835821          3.72917910
          1.00840735          0.46679124          3.73339562
          1.01840735          0.47527760          3.73763880
          1.02840735          0.48381643          3.74190821
          1.03840735          0.49240687          3.74620344
          1.04840735          0.50104808          3.75052404
          1.05840735          0.50973918          3.75486959
          1.06840735          0.51847930          3.75923965
          1.07840735          0.52726758          3.76363379
          1.08840735          0.53610313          3.76805157
          1.09840735          0.54498507          3.77249253
          1.10840735          0.55391251          3.77695626
          1.11840735          0.56288456          3.78144228
          1.12840735          0.57190032          3.78595016
          1.13840735          0.58095889          3.79047944
          1.14840735          0.59005936          3.79502968
          1.15840735          0.59920083          3.79960041
          1.16840735          0.60838237          3.80419119
          1.17840735          0.61760308          3.80880154
          1.18840735          0.62686203          3.81343101
          1.19840735          0.63615829          3.81807915
          1.20840735          0.64549093          3.82274547
          1.21840735          0.65485903          3.82742952
          1.22840735          0.66426164          3.83213082
          1.23840735          0.67369782          3.83684891
          1.24840735          0.68316663          3.84158332
          1.25840735          0.69266713          3.84633357
          1.26840735          0.70219836          3.85109918
          1.27840735          0.71175937          3.85587968
          1.28840735          0.72134920          3.86067460
          1.29840735          0.73096690          3.86548345
          1.30840735          0.74061150          3.87030575
          1.31840735          0.75028204          3.87514102
          1.32840735          0.75997755          3.87998877
          1.33840735          0.76969706          3.88484853
          1.34840735          0.77943960          3.88971980
          1.35840735          0.78920420          3.89460210
          1.36840735          0.79898988          3.89949494
          1.37840735          0.80879566          3.90439783
          1.38840735          0.81862056          3.90931028
          1.39840735          0.82846359          3.91423180
          1.40840735          0.83832378          3.91916189
          1.41840735          0.84820014          3.92410007
          1.42840735          0.85809168          3.92904584
          1.43840735          0.86799741          3.93399870
          1.44840735          0.87791634          3.93895817
          1.45840735          0.88784747          3.94392374
          1.46840735          0.89778983          3.94889491
          1.47840735          0.90774240          3.95387120
          1.48840735          0.91770420          3.95885210
          1.49840735          0.92767422          3.96383711
          1.50840735          0.93765149          3.96882574
          1.51840735          0.94763498          3.97381749
          1.52840735          0.95762371          3.97881186
          1.53840735          0.96761668          3.98380834
          1.54840735          0.97761289          3.98880645
          1.55840735          0.98761134          3.99380567
          1.56840735          0.99761102          3.99880551
          1.57840735          1.00761095          4.00380547
          1.58840735          1.01761011          4.00880505
          1.59840735          1.02760751          4.01380376
          1.60840735          1.03760215          4.01880108
          1.61840735          1.04759303          4.02379652
          1.62840735          1.05757916          4.02878958
          1.63840735          1.06755952          4.03377976
          1.64840735          1.07753313          4.03876656
          1.65840735          1.08749898          4.04374949
          1.66840735          1.09745609          4.04872804
          1.67840735          1.10740345          4.05370172
          1.68840735          1.11734007          4.05867003
          1.69840735          1.12726495          4.06363248
          1.70840735          1.13717711          4.06858856
          1.71840735          1.14707555          4.07353778
          1.72840735          1.15695929          4.07847964
          1.73840735          1.16682733          4.08341366
          1.74840735          1.17667868          4.08833934
          1.75840735          1.18651237          4.09325618
          1.76840735          1.19632741          4.09816370
          1.77840735          1.20612281          4.10306141
          1.78840735          1.21589760          4.10794880
          1.79840735          1.22565081          4.11282540
          1.80840735          1.23538144          4.11769072
          1.81840735          1.24508854          4.12254427
          1.82840735          1.25477113          4.12738557
          1.83840735          1.26442825          4.13221412
          1.84840735          1.27405892          4.13702946
          1.85840735          1.28366219          4.14183109
          1.86840735          1.29323709          4.14661854
          1.87840735          1.30278266          4.15139133
          1.88840735          1.31229796          4.15614898
          1.89840735          1.32178203          4.16089101
          1.90840735          1.33123392          4.16561696
          1.91840735          1.34065269          4.17032634
          1.92840735          1.35003739          4.17501870
          1.93840735          1.35938709          4.17969355
          1.94840735          1.36870085          4.18435043
          1.95840735          1.37797774          4.18898887
          1.96840735          1.38721684          4.19360842
          1.97840735          1.39641721          4.19820860
          1.98840735          1.40557794          4.20278897
          1.99840735          1.41469811          4.20734906
          2.00840735          1.42377682          4.21188841
          2.01840735          1.43281314          4.21640657
          2.02840735          1.44180619          4.22090310
          2.03840735          1.45075506          4.22537753
          2.04840735          1.45965885          4.22982942
          2.05840735          1.46851667          4.23425834
          2.06840735          1.47732764          4.23866382
          2.07840735          1.48609089          4.24304544
          2.08840735          1.49480552          4.24740276
          2.09840735          1.50347067          4.25173534
          2.10840735          1.51208548          4.25604274
          2.11840735          1.52064907          4.26032454
          2.12840735          1.52916061          4.26458030
          2.13840735          1.53761923          4.26880961
          2.14840735          1.54602408          4.27301204
          2.15840735          1.55437434          4.27718717
          2.16840735          1.56266915          4.28133458
          2.17840735          1.57090770          4.28545385
          2.18840735          1.57908916          4.28954458
          2.19840735          1.58721272          4.29360636
          2.20840735          1.59527755          4.29763877
          2.21840735          1.60328285          4.30164143
          2.22840735          1.61122783          4.30561391
          2.23840735          1.61911168          4.30955584
          2.24840735          1.62693363          4.31346681
          2.25840735          1.63469288          4.31734644
          2.26840735          1.64238866          4.32119433
          2.27840735          1.65002020          4.32501010
          2.28840735          1.65758674          4.32879337
          2.29840735          1.66508753          4.33254376
          2.30840735          1.67252180          4.33626090
          2.31840735          1.67988883          4.33994441
          2.32840735          1.68718786          4.34359393
          2.33840735          1.69441818          4.34720909
          2.34840735          1.70157906          4.35078953
          2.35840735          1.70866977          4.35433489
          2.36840735          1.71568963          4.35784481
          2.37840735          1.72263791          4.36131896
          2.38840735          1.72951393          4.36475697
          2.39840735          1.73631700          4.36815850
          2.40840735          1.74304644          4.37152322
          2.41840735          1.74970158          4.37485079
          2.42840735          1.75628174          4.37814087
          2.43840735          1.76278628          4.38139314
          2.44840735          1.76921454          4.38460727
          2.45840735          1.77556588          4.38778294
          2.46840735          1.78183966          4.39091983
          2.47840735          1.78803526          4.39401763
          2.48840735          1.79415206          4.39707603
          2.49840735          1.80018944          4.40009472
          2.50840735          1.80614681          4.40307340
          2.51840735          1.81202356          4.40601178
          2.52840735          1.81781910          4.40890955
          2.53840735          1.82353287          4.41176644
          2.54840735          1.82916429          4.41458214
          2.55840735          1.83471278          4.41735639
          2.56840735          1.84017781          4.42008891
          2.57840735          1.84555882          4.42277941
          2.58840735          1.85085528          4.42542764
          2.59840735          1.85606665          4.42803333
          2.60840735          1.86119242          4.43059621
          2.61840735          1.86623206          4.43311603
          2.62840735          1.87118509          4.43559254
          2.63840735          1.87605099          4.43802550
          2.64840735          1.88082930          4.44041465
          2.65840735          1.88551952          4.44275976
          2.66840735          1.89012119          4.44506059
          2.67840735          1.89463384          4.44731692
          2.68840735          1.89905704          4.44952852
          2.69840735          1.90339033          4.45169516
          2.70840735          1.90763328          4.45381664
          2.71840735          1.91178547          4.45589273
          2.72840735          1.91584648          4.45792324
          2.73840735          1.91981591          4.45990795
          2.74840735          1.92369335          4.46184668
          2.75840735          1.92747843          4.46373922
          2.76840735          1.93117076          4.46558538
          2.77840735          1.93476998          4.46738499
          2.78840735          1.93827571          4.46913786
          2.79840735          1.94168763          4.47084381
          2.80840735          1.94500537          4.47250268
          2.81840735          1.94822861          4.47411431
          2.82840735          1.95135703          4.47567852
          2.83840735          1.95439032          4.47719516
          2.84840735          1.95732817          4.47866409
          2.85840735          1.96017029          4.48008514
          2.86840735          1.96291639          4.48145819
          2.87840735          1.96556620          4.48278310
          2.88840735          1.96811945          4.48405973
          2.89840735          1.97057589          4.48528795
          2.90840735          1.97293528          4.48646764
          2.91840735          1.97519737          4.48759869
          2.92840735          1.97736195          4.48868097
          2.93840735          1.97942878          4.48971439
          2.94840735          1.98139768          4.49069884
          2.95840735          1.98326844          4.49163422
          2.96840735          1.98504087          4.49252044
          2.97840735          1.98671480          4.49335740
          2.98840735          1.98829006          4.49414503
          2.99840735          1.98976649          4.49488324
          3.00840735          1.99114394          4.49557197
          3.01840735          1.99242228          4.49621114
          3.02840735          1.99360138          4.49680069
          3.03840735          1.99468112          4.49734056
          3.04840735          1.99566139          4.49783070
          3.05840735          1.99654210          4.49827105
          3.06840735          1.99732315          4.49866158
          3.07840735          1.99800447          4.49900224
          3.08840735          1.99858599          4.49929300
          3.09840735          1.99906766          4.49953383
          3.10840735          1.99944942          4.49972471
          3.11840735          1.99973123          4.49986562
          3.12840735          1.99991308          4.49995654
          3.13840735          1.99999493          4.49999746
